0 0.5140625 0.37265625 0.0421875 0.0515625
0 0.38671875 0.39140625 0.0421875 0.0515625
0 0.84921875 0.39140625 0.0421875 0.0609375
0 0.15703125 0.39375 0.040625 0.065625
0 0.64140625 0.403125 0.0515625 0.065625
0 0.24765625 0.40703125 0.0375 0.0515625
0 0.56015625 0.4375 0.0421875 0.0796875
0 0.82890625 0.44921875 0.0515625 0.075
0 0.340625 0.4609375 0.0515625 0.065625
0 0.4234375 0.465625 0.0515625 0.0703125
0 0.66171875 0.46953125 0.046875 0.0703125
0 0.17578125 0.48828125 0.05625 0.075
0 0.71328125 0.490625 0.0515625 0.075
0 0.5390625 0.49296875 0.0609375 0.09375
0 0.82421875 0.50703125 0.0515625 0.0890625
0 0.29609375 0.51171875 0.0609375 0.0796875
0 0.7640625 0.528125 0.0515625 0.084375
0 0.23359375 0.534375 0.065625 0.0703125
0 0.071875 0.54375 0.065625 0.096875
0 0.6015625 0.56953125 0.05625 0.09375
0 0.44453125 0.571875 0.0515625 0.096875
0 0.91875 0.57890625 0.075 0.125