0 0.5390625 0.375 0.0140625 0.0140625
0 0.5484375 0.37734375 0.0234375 0.01875
0 0.4609375 0.384375 0.0234375 0.01875
0 0.528125 0.384375 0.0140625 0.009375
0 0.43046875 0.38671875 0.0234375 0.0140625
0 0.490625 0.38671875 0.0234375 0.01875
0 0.29609375 0.3890625 0.01875 0.0140625
0 0.44921875 0.3890625 0.01875 0.01875
0 0.2640625 0.3890625 0.0328125 0.0234375
0 0.6484375 0.3890625 0.0234375 0.0234375
0 0.56484375 0.39140625 0.01875 0.0140625
0 0.409375 0.39140625 0.0140625 0.0140625
0 0.60859375 0.39140625 0.0234375 0.0234375
0 0.32421875 0.39140625 0.0234375 0.0234375
0 0.53671875 0.39375 0.0234375 0.01875
0 0.1390625 0.39609375 0.01875 0.0140625
0 0.590625 0.39609375 0.028125 0.0140625
0 0.2359375 0.3984375 0.0234375 0.01875
0 0.43984375 0.3984375 0.01875 0.01875
0 0.340625 0.3984375 0.0140625 0.0234375
0 0.634375 0.3984375 0.01875 0.01875
0 0.66640625 0.3984375 0.028125 0.0234375
0 0.1921875 0.3984375 0.0234375 0.01875
0 0.346875 0.40078125 0.0140625 0.0140625
0 0.38671875 0.40078125 0.01875 0.01875
0 0.17109375 0.403125 0.0234375 0.0234375
0 0.375 0.403125 0.0140625 0.01875
0 0.303125 0.40546875 0.01875 0.01875
0 0.23125 0.40546875 0.028125 0.0234375
0 0.5625 0.40703125 0.028125 0.01875
0 0.41640625 0.409375 0.0234375 0.0234375
0 0.46953125 0.409375 0.0234375 0.01875
0 0.5765625 0.409375 0.01875 0.0234375
0 0.36328125 0.41171875 0.0234375 0.0234375
0 0.20625 0.41171875 0.028125 0.0234375
0 0.32890625 0.4140625 0.0234375 0.0234375
0 0.54140625 0.4140625 0.028125 0.01875
0 0.09296875 0.41640625 0.028125 0.0140625
0 0.12734375 0.41640625 0.0234375 0.0234375
0 0.1109375 0.41875 0.028125 0.028125
0 0.15078125 0.41875 0.028125 0.0234375
0 0.04375 0.4234375 0.0328125 0.028125
0 0.4859375 0.4234375 0.028125 0.01875
0 0.596875 0.4234375 0.03125 0.0234375
0 0.43984375 0.428125 0.0328125 0.0328125
0 0.08359375 0.428125 0.028125 0.0234375
0 0.284375 0.428125 0.0234375 0.0234375
0 0.5578125 0.43046875 0.0359375 0.0234375
0 0.0234375 0.43984375 0.028125 0.0375
0 0.009375 0.4421875 0.01875 0.0234375
0 0.3125 0.4421875 0.0375 0.0234375
0 0.465625 0.4421875 0.0328125 0.028125
0 0.49765625 0.44453125 0.0328125 0.028125
0 0.15078125 0.44453125 0.028125 0.0234375
0 0.05546875 0.44921875 0.028125 0.028125
0 0.23125 0.45390625 0.0375 0.0328125
0 0.5484375 0.45859375 0.0421875 0.0421875
0 0.33125 0.471875 0.0421875 0.0328125
0 0.69921875 0.471875 0.0421875 0.0421875
0 0.45390625 0.471875 0.0375 0.0328125
0 0.41171875 0.4765625 0.03125 0.0234375
0 0.3703125 0.47890625 0.0375 0.0375
0 0.79140625 0.47890625 0.0375 0.0421875
0 0.278125 0.4859375 0.03125 0.0375
0 0.15078125 0.5 0.046875 0.0421875
0 0.49296875 0.5 0.0375 0.0328125
0 0.403125 0.50234375 0.0421875 0.0359375
0 0.22421875 0.50703125 0.046875 0.0375
0 0.528125 0.5140625 0.0421875 0.0421875
0 0.44453125 0.54140625 0.0515625 0.0515625
0 0.96328125 0.553125 0.0609375 0.059375
0 0.12734375 0.571875 0.05625 0.0515625
0 0.66171875 0.5765625 0.0515625 0.05625
0 0.8078125 0.57890625 0.0703125 0.065625
0 0.24296875 0.58828125 0.0515625 0.0421875
0 0.43046875 0.59296875 0.0609375 0.0546875
0 0.6390625 0.60859375 0.0828125 0.078125
0 0.03671875 0.61796875 0.0703125 0.065625
0 0.259375 0.6203125 0.0515625 0.028125
0 0.2640625 0.65078125 0.0609375 0.0515625
0 0.20390625 0.66875 0.115625 0.09375
0 0.10625 0.70859375 0.0796875 0.05625