0 0.64140625 0.3703125 0.0359375 0.065625
0 0.384375 0.37734375 0.0375 0.0609375
0 0.96796875 0.38203125 0.05625 0.115625
0 0.37265625 0.38671875 0.01875 0.0328125
0 0.87265625 0.39375 0.0375 0.065625
0 0.31953125 0.39609375 0.01875 0.03125
0 0.63203125 0.39609375 0.01875 0.028125
0 0.3359375 0.3984375 0.0234375 0.0375
0 0.30078125 0.403125 0.0234375 0.028125
0 0.46953125 0.403125 0.0375 0.0515625
0 0.22421875 0.40703125 0.01875 0.0234375
0 0.8359375 0.40703125 0.0375 0.0515625
0 0.178125 0.409375 0.028125 0.0421875
0 0.5390625 0.409375 0.0328125 0.0515625
0 0.1484375 0.409375 0.0375 0.046875
0 0.12265625 0.41171875 0.028125 0.0375
0 0.4953125 0.41171875 0.0421875 0.0703125
0 0.68984375 0.41171875 0.0234375 0.028125
0 0.240625 0.41171875 0.01875 0.028125
0 0.08359375 0.42109375 0.0375 0.0515625
0 0.23125 0.42109375 0.028125 0.028125
0 0.27578125 0.42109375 0.0234375 0.0328125
0 0.43515625 0.42109375 0.0375 0.0515625
0 0.0484375 0.42578125 0.0375 0.0515625
0 0.5578125 0.428125 0.0140625 0.01875
0 0.740625 0.428125 0.0140625 0.01875
0 0.02578125 0.428125 0.0328125 0.0609375
0 0.71953125 0.428125 0.01875 0.0234375
0 0.79140625 0.4328125 0.01875 0.0234375
0 0.35859375 0.43515625 0.03125 0.0421875
0 0.5671875 0.4375 0.0140625 0.01875
0 0.01171875 0.4421875 0.0234375 0.0609375
0 0.30546875 0.44921875 0.0234375 0.0421875
0 0.70859375 0.46328125 0.028125 0.0375
0 0.76171875 0.46953125 0.0421875 0.0609375