0 0.54140625 0.10625 0.065625 0.115625
0 0.3984375 0.14140625 0.065625 0.10625
0 0.14609375 0.14140625 0.0703125 0.1203125
0 0.72890625 0.17109375 0.065625 0.125
0 0.26171875 0.2109375 0.065625 0.115625
0 0.45859375 0.22890625 0.075 0.134375
0 0.5671875 0.23359375 0.059375 0.10625
0 0.34296875 0.23359375 0.075 0.115625
0 0.840625 0.25234375 0.0515625 0.096875
0 0.18984375 0.259375 0.0703125 0.096875
0 0.73828125 0.29609375 0.065625 0.1203125
0 0.50703125 0.32890625 0.065625 0.1296875
0 0.409375 0.35390625 0.075 0.1203125
0 0.64140625 0.35859375 0.059375 0.1203125
0 0.81015625 0.36796875 0.075 0.1296875
0 0.25 0.41171875 0.09375 0.14375
0 0.715625 0.4328125 0.0890625 0.153125
0 0.55078125 0.446875 0.0796875 0.1484375
0 0.125 0.49296875 0.09375 0.1765625
0 0.875 0.50703125 0.084375 0.14375
0 0.3890625 0.61328125 0.0890625 0.134375
0 0.27578125 0.6484375 0.084375 0.1390625
0 0.5390625 0.803125 0.0890625 0.1203125