0 0.38203125 0.1828125 0.0703125 0.134375
0 0.4515625 0.1828125 0.0515625 0.10625
0 0.75234375 0.22890625 0.065625 0.153125
0 0.83359375 0.23125 0.0703125 0.134375
0 0.6296875 0.23359375 0.0546875 0.1296875
0 0.23125 0.2359375 0.0609375 0.1296875
0 0.34921875 0.26875 0.0515625 0.1109375
0 0.54140625 0.26875 0.075 0.1703125
0 0.30546875 0.278125 0.065625 0.1296875
0 0.0625 0.284375 0.0609375 0.1625
0 0.41640625 0.32890625 0.065625 0.134375
0 0.1921875 0.33828125 0.05625 0.125
0 0.2453125 0.5046875 0.0609375 0.134375
0 0.8078125 0.08125 0.0546875 0.1203125
0 0.615625 0.08359375 0.0515625 0.1015625
0 0.696875 0.0859375 0.05625 0.1390625
0 0.971875 0.096875 0.0515625 0.1390625
0 0.87265625 0.134375 0.0515625 0.1203125
0 0.509375 0.1390625 0.0515625 0.1203125
0 0.92109375 0.15703125 0.0515625 0.134375
0 0.06015625 0.17109375 0.05625 0.1203125
0 0.15703125 0.178125 0.065625 0.1203125