0 0.596875 0.115625 0.0140625 0.0375
0 0.465625 0.115625 0.0140625 0.0234375
0 0.81015625 0.1203125 0.0140625 0.028125
0 0.9765625 0.1203125 0.0375 0.065625
0 0.653125 0.125 0.0140625 0.0375
0 0.64375 0.125 0.01875 0.0375
0 0.784375 0.125 0.009375 0.0328125
0 0.6109375 0.125 0.028125 0.05625
0 0.44453125 0.13203125 0.01875 0.0328125
0 0.5578125 0.13671875 0.01875 0.0375
0 0.76640625 0.1390625 0.028125 0.065625
0 0.8796875 0.1390625 0.0421875 0.0828125
0 0.58359375 0.14140625 0.01875 0.0328125
0 0.39140625 0.14140625 0.0234375 0.0328125
0 0.4515625 0.14140625 0.01875 0.0328125
0 0.321875 0.14375 0.0234375 0.0375
0 0.54609375 0.14375 0.01875 0.0375
0 0.5140625 0.1484375 0.0234375 0.0375
0 0.6875 0.15078125 0.01875 0.040625
0 0.28203125 0.153125 0.0234375 0.040625
0 0.990625 0.159375 0.0140625 0.06875
0 0.7109375 0.16640625 0.028125 0.05625
0 0.3609375 0.16640625 0.03125 0.05625
0 0.428125 0.16640625 0.0328125 0.05625
0 0.5578125 0.17109375 0.01875 0.0328125
0 0.596875 0.18046875 0.01875 0.0453125
0 0.34296875 0.1828125 0.028125 0.0515625
0 0.071875 0.196875 0.0359375 0.0515625
0 0.17578125 0.196875 0.0328125 0.0421875
0 0.33125 0.2015625 0.028125 0.046875
0 0.5484375 0.20390625 0.01875 0.0328125
0 0.74765625 0.20625 0.0359375 0.0515625
0 0.1390625 0.21328125 0.0375 0.065625
0 0.428125 0.21953125 0.046875 0.0875
0 0.61328125 0.221875 0.028125 0.065625
0 0.26171875 0.2265625 0.046875 0.084375
0 0.3078125 0.2265625 0.0375 0.065625
0 0.58359375 0.23359375 0.028125 0.065625
0 0.37265625 0.24296875 0.040625 0.065625
0 0.090625 0.2453125 0.046875 0.09375
0 0.72421875 0.25 0.0359375 0.0796875
0 0.02109375 0.26875 0.0421875 0.0890625
0 0.65703125 0.278125 0.059375 0.1109375
0 0.1875 0.31015625 0.0515625 0.10625
0 0.4140625 0.3265625 0.0609375 0.125
0 0.73359375 0.40703125 0.0828125 0.134375
0 0.46953125 0.0578125 0.0140625 0.03125
0 0.490625 0.06484375 0.0140625 0.028125
0 0.55078125 0.0671875 0.0140625 0.028125
0 0.59921875 0.6875 0.10625 0.171875
0 0.17578125 0.75 0.0796875 0.134375
0 0.65546875 0.07890625 0.01875 0.028125
0 0.45390625 0.09453125 0.0140625 0.028125
0 0.6875 0.09921875 0.0234375 0.0375
0 0.5046875 0.10390625 0.0234375 0.0359375
0 0.58359375 0.1109375 0.01875 0.028125