0 0.95390625 0.1015625 0.0375 0.0515625
0 0.65078125 0.115625 0.028125 0.0453125
0 0.70859375 0.1203125 0.0328125 0.0515625
0 0.4515625 0.12265625 0.0421875 0.0609375
0 0.73828125 0.12265625 0.028125 0.0515625
0 0.34453125 0.125 0.046875 0.0609375
0 0.56953125 0.125 0.0421875 0.0515625
0 0.803125 0.1296875 0.046875 0.0515625
0 0.48359375 0.1390625 0.0421875 0.046875
0 0.9234375 0.14609375 0.0421875 0.0515625
0 0.09296875 0.1484375 0.03125 0.0515625
0 0.89375 0.0140625 0.028125 0.028125
0 0.54140625 0.01640625 0.0359375 0.0328125
0 0.9859375 0.153125 0.028125 0.05625
0 0.96796875 0.15703125 0.0421875 0.065625
0 0.65703125 0.1640625 0.046875 0.065625
0 0.8078125 0.01875 0.03125 0.0375
0 0.5765625 0.1734375 0.046875 0.0609375
0 0.01640625 0.01875 0.0328125 0.0375
0 0.06953125 0.01875 0.0375 0.0375
0 0.3078125 0.18046875 0.0421875 0.0640625
0 0.18984375 0.18046875 0.0515625 0.075
0 0.37734375 0.1828125 0.046875 0.065625
0 0.46953125 0.18984375 0.0375 0.065625
0 0.12265625 0.02109375 0.028125 0.0421875
0 0.33828125 0.02109375 0.03125 0.0421875
0 0.70859375 0.02109375 0.0328125 0.0421875
0 0.02109375 0.2109375 0.0375 0.0515625
0 0.08125 0.2109375 0.0421875 0.05625
0 0.0484375 0.215625 0.0375 0.0515625
0 0.4421875 0.221875 0.028125 0.0421875
0 0.62734375 0.0234375 0.0359375 0.046875
0 0.784375 0.2359375 0.059375 0.0703125
0 0.8890625 0.25703125 0.0515625 0.065625
0 0.19453125 0.26640625 0.046875 0.0703125
0 0.865625 0.028125 0.0234375 0.028125
0 0.52109375 0.028125 0.028125 0.0421875
0 0.696875 0.284375 0.0515625 0.065625
0 0.115625 0.3359375 0.05625 0.0609375
0 0.028125 0.34296875 0.046875 0.065625
0 0.47890625 0.0390625 0.028125 0.0515625
0 0.946875 0.04140625 0.028125 0.0375
0 0.54609375 0.4515625 0.065625 0.0890625
0 0.87734375 0.471875 0.0609375 0.0890625
0 0.1109375 0.53203125 0.0609375 0.084375
0 0.01875 0.53203125 0.0375 0.0890625
0 0.84296875 0.053125 0.028125 0.046875
0 0.97890625 0.053125 0.028125 0.0421875
0 0.24296875 0.053125 0.0375 0.0515625
0 0.69453125 0.05546875 0.03125 0.046875
0 0.659375 0.06015625 0.0421875 0.05625
0 0.87734375 0.0625 0.0328125 0.046875
0 0.1390625 0.0625 0.0421875 0.065625
0 0.4375 0.63203125 0.0703125 0.096875
0 0.0578125 0.68984375 0.084375 0.1109375
0 0.2984375 0.69921875 0.075 0.096875
0 0.946875 0.7109375 0.084375 0.10625
0 0.509375 0.071875 0.0375 0.0515625
0 0.25 0.73125 0.0515625 0.096875
0 0.66875 0.73359375 0.059375 0.0703125
0 0.34453125 0.08125 0.046875 0.0609375
0 0.490625 0.8890625 0.096875 0.0609375
0 0.8125 0.89375 0.065625 0.0421875
0 0.74296875 0.8984375 0.0703125 0.028125
0 0.42109375 0.09296875 0.0515625 0.065625