0 0.54140625 0.33828125 0.0046875 0.009375
0 0.53671875 0.340625 0.0046875 0.009375
0 0.53203125 0.34296875 0.0046875 0.0046875
0 0.57890625 0.34453125 0.009375 0.0046875
0 0.56015625 0.34921875 0.0046875 0.009375
0 0.57421875 0.3515625 0.0046875 0.009375
0 0.56484375 0.35625 0.0046875 0.009375
0 0.59296875 0.35859375 0.009375 0.009375
0 0.52109375 0.35859375 0.0046875 0.009375
0 0.56015625 0.3609375 0.0046875 0.0140625
0 0.59921875 0.36328125 0.009375 0.009375
0 0.5765625 0.36328125 0.0046875 0.009375
0 0.571875 0.3703125 0.0046875 0.0140625
0 0.56015625 0.3703125 0.0046875 0.009375
0 0.54609375 0.375 0.009375 0.009375
0 0.58828125 0.37734375 0.009375 0.009375
0 0.50234375 0.37734375 0.0046875 0.009375
0 0.59921875 0.37734375 0.009375 0.009375
0 0.6109375 0.38203125 0.009375 0.009375
0 0.596875 0.384375 0.009375 0.0140625
0 0.55078125 0.38671875 0.009375 0.009375
0 0.5625 0.3890625 0.009375 0.0140625
0 0.51640625 0.3890625 0.009375 0.009375
0 0.49765625 0.3890625 0.0140625 0.01875
0 0.56953125 0.39140625 0.009375 0.0140625
0 0.534375 0.39375 0.009375 0.0140625
0 0.54375 0.3984375 0.0046875 0.009375
0 0.53046875 0.40078125 0.0046875 0.009375
0 0.60625 0.403125 0.009375 0.0140625
0 0.58828125 0.403125 0.009375 0.0140625
0 0.50703125 0.403125 0.009375 0.0140625
0 0.51875 0.40703125 0.0046875 0.0140625
0 0.53203125 0.409375 0.0046875 0.0140625
0 0.54375 0.41171875 0.0046875 0.0140625
0 0.58125 0.41171875 0.009375 0.01875
0 0.615625 0.4140625 0.009375 0.01875
0 0.56484375 0.4140625 0.009375 0.0140625
0 0.62734375 0.41640625 0.009375 0.0140625
0 0.5140625 0.41875 0.009375 0.0140625
0 0.57421875 0.42578125 0.009375 0.009375
0 0.490625 0.4328125 0.009375 0.0140625
0 0.5484375 0.43515625 0.009375 0.0140625
0 0.62734375 0.4421875 0.0140625 0.01875
0 0.56015625 0.44453125 0.0140625 0.01875
0 0.49765625 0.446875 0.009375 0.0140625
0 0.53671875 0.4515625 0.0140625 0.0140625
0 0.5859375 0.45625 0.0140625 0.01875
0 0.596875 0.45859375 0.0140625 0.01875
0 0.55546875 0.46328125 0.009375 0.01875
0 0.64140625 0.465625 0.0140625 0.01875
0 0.5390625 0.46953125 0.0140625 0.01875
0 0.46328125 0.46953125 0.0140625 0.01875
0 0.56484375 0.471875 0.0140625 0.0140625
0 0.57421875 0.471875 0.009375 0.01875
0 0.51171875 0.47421875 0.009375 0.0140625
0 0.50234375 0.47421875 0.0140625 0.01875
0 0.653125 0.47421875 0.0140625 0.01875
0 0.55078125 0.47890625 0.0140625 0.01875
0 0.58359375 0.47890625 0.0140625 0.01875
0 0.56484375 0.48359375 0.0140625 0.01875
0 0.54375 0.48828125 0.0046875 0.0140625
0 0.49765625 0.49296875 0.009375 0.01875
0 0.659375 0.5 0.0140625 0.01875
0 0.67109375 0.5 0.0140625 0.01875
0 0.5140625 0.5 0.0140625 0.01875
0 0.5625 0.5 0.01875 0.01875
0 0.62734375 0.5 0.0140625 0.01875
0 0.49296875 0.50234375 0.01875 0.01875
0 0.61328125 0.5046875 0.0140625 0.01875
0 0.42578125 0.51171875 0.01875 0.0234375
0 0.596875 0.51171875 0.01875 0.028125
0 0.47890625 0.5140625 0.0140625 0.01875
0 0.51640625 0.51640625 0.0140625 0.01875
0 0.54140625 0.5234375 0.0140625 0.01875
0 0.56484375 0.52578125 0.01875 0.028125
0 0.465625 0.53046875 0.01875 0.028125
0 0.56015625 0.53671875 0.0140625 0.01875
0 0.48125 0.54140625 0.0140625 0.01875
0 0.6640625 0.54140625 0.0140625 0.01875
0 0.4609375 0.5484375 0.01875 0.028125
0 0.50703125 0.5484375 0.01875 0.028125
0 0.5765625 0.56484375 0.01875 0.028125
0 0.55546875 0.56953125 0.01875 0.03125
0 0.39375 0.58125 0.0234375 0.0359375
0 0.45625 0.58125 0.0234375 0.028125
0 0.4859375 0.5859375 0.01875 0.0328125
0 0.634375 0.5859375 0.01875 0.028125
0 0.68515625 0.59296875 0.01875 0.028125
0 0.61328125 0.59296875 0.01875 0.03125
0 0.4375 0.596875 0.01875 0.03125
0 0.52109375 0.59921875 0.0140625 0.028125
0 0.509375 0.6015625 0.01875 0.028125
0 0.35859375 0.60390625 0.01875 0.0328125
0 0.65546875 0.60390625 0.01875 0.0328125
0 0.33828125 0.60625 0.01875 0.0234375
0 0.54140625 0.60859375 0.01875 0.03125
0 0.6875 0.62265625 0.01875 0.0234375
0 0.7265625 0.62265625 0.0234375 0.028125
0 0.48828125 0.625 0.0234375 0.0328125
0 0.46953125 0.62734375 0.0140625 0.028125
0 0.6203125 0.6296875 0.0234375 0.0359375
0 0.4234375 0.63203125 0.0234375 0.0359375
0 0.38671875 0.634375 0.0234375 0.0359375
0 0.5859375 0.63671875 0.01875 0.0375
0 0.740625 0.6390625 0.01875 0.0328125
0 0.6734375 0.64375 0.01875 0.03125
0 0.634375 0.64609375 0.0234375 0.0359375
0 0.56015625 0.65078125 0.0234375 0.0359375
0 0.6875 0.65078125 0.0234375 0.028125
0 0.3359375 0.659375 0.01875 0.028125
0 0.721875 0.66171875 0.0234375 0.028125
0 0.740625 0.66640625 0.01875 0.0359375
0 0.62734375 0.67578125 0.0234375 0.0234375
0 0.678125 0.67578125 0.0234375 0.0328125
0 0.44921875 0.678125 0.028125 0.0359375
0 0.49765625 0.68046875 0.01875 0.03125
0 0.34453125 0.6828125 0.0234375 0.0421875
0 0.69453125 0.6828125 0.0234375 0.0421875
0 0.72421875 0.6921875 0.028125 0.0421875
0 0.70625 0.69453125 0.028125 0.0359375
0 0.64609375 0.70390625 0.028125 0.0359375
0 0.25234375 0.70625 0.0234375 0.0515625
0 0.45625 0.70625 0.028125 0.0359375
0 0.76875 0.70625 0.0234375 0.0359375
0 0.625 0.70625 0.028125 0.0421875
0 0.2734375 0.70859375 0.028125 0.0359375
0 0.3984375 0.7109375 0.028125 0.0328125
0 0.78671875 0.7109375 0.01875 0.0328125
0 0.3078125 0.721875 0.0234375 0.0359375
0 0.54609375 0.721875 0.028125 0.03125
0 0.4140625 0.7265625 0.0234375 0.028125
0 0.49296875 0.72890625 0.0375 0.0359375
0 0.51640625 0.72890625 0.0234375 0.0421875
0 0.3609375 0.73125 0.028125 0.0359375
0 0.6296875 0.73359375 0.03125 0.0359375
0 0.80546875 0.7359375 0.028125 0.046875
0 0.76875 0.73828125 0.028125 0.0421875
0 0.45390625 0.75234375 0.028125 0.0421875
0 0.41875 0.75703125 0.0375 0.03125
0 0.56953125 0.76875 0.0359375 0.0546875
0 0.653125 0.77109375 0.028125 0.0421875
0 0.4140625 0.778125 0.0234375 0.0515625
0 0.7359375 0.78046875 0.028125 0.0515625
0 0.35859375 0.78203125 0.03125 0.0421875
0 0.20625 0.79140625 0.0375 0.075
0 0.48125 0.79140625 0.028125 0.0515625
0 0.83125 0.79609375 0.0328125 0.0515625
0 0.615625 0.80078125 0.0359375 0.0421875
0 0.67109375 0.8078125 0.03125 0.0546875
0 0.25703125 0.81015625 0.0421875 0.0515625
0 0.76640625 0.81015625 0.0359375 0.0515625
0 0.3984375 0.8125 0.0328125 0.046875
0 0.509375 0.82421875 0.028125 0.0421875
0 0.3359375 0.83359375 0.0375 0.0703125
0 0.56484375 0.84296875 0.028125 0.046875
0 0.85625 0.84296875 0.0421875 0.065625
0 0.4515625 0.85625 0.0328125 0.046875
0 0.528125 0.86328125 0.0421875 0.0609375
0 0.47421875 0.87734375 0.028125 0.0421875
0 0.384375 0.89609375 0.0375 0.0609375
0 0.68046875 0.90546875 0.046875 0.065625
0 0.846875 0.90546875 0.0375 0.05625
0 0.7734375 0.9609375 0.046875 0.075
0 0.85859375 0.9609375 0.0890625 0.0703125
0 0.509375 0.96953125 0.0515625 0.05625