0 0.45625 0.4375 0.028125 0.046875
0 0.87265625 0.43984375 0.0328125 0.0609375
0 0.10625 0.446875 0.0140625 0.0328125
0 0.7453125 0.4515625 0.0234375 0.0515625
0 0.909375 0.4515625 0.01875 0.0328125
0 0.54609375 0.45625 0.0359375 0.0515625
0 0.01640625 0.45859375 0.0234375 0.0375
0 0.93046875 0.4609375 0.028125 0.0421875
0 0.48359375 0.46328125 0.0375 0.0609375
0 0.98125 0.46328125 0.0234375 0.0515625
0 0.11328125 0.46328125 0.0140625 0.028125
0 0.2359375 0.465625 0.0328125 0.05625
0 0.4234375 0.465625 0.0234375 0.0421875
0 0.20390625 0.471875 0.0328125 0.0609375
0 0.76171875 0.471875 0.028125 0.046875
0 0.68046875 0.471875 0.03125 0.065625
0 0.278125 0.4765625 0.0234375 0.046875
0 0.05078125 0.47890625 0.01875 0.0328125
0 0.17109375 0.47890625 0.0140625 0.0234375
0 0.14609375 0.47890625 0.028125 0.0515625
0 0.36796875 0.48125 0.0234375 0.05625
0 0.82890625 0.48359375 0.028125 0.046875
0 0.33125 0.48828125 0.028125 0.0421875
0 0.11796875 0.490625 0.01875 0.0359375
0 0.58125 0.49296875 0.0359375 0.05625
0 0.01171875 0.4953125 0.0234375 0.0421875
0 0.4234375 0.5 0.0328125 0.0609375
0 0.54140625 0.51171875 0.0328125 0.0515625
0 0.8984375 0.5140625 0.0375 0.059375
0 0.19921875 0.52578125 0.0375 0.0515625
0 0.65546875 0.528125 0.03125 0.0546875
0 0.83125 0.534375 0.028125 0.0515625
0 0.03671875 0.53671875 0.046875 0.059375
0 0.3078125 0.54609375 0.03125 0.0515625
0 0.403125 0.59453125 0.03125 0.065625
0 0.63203125 0.596875 0.0359375 0.059375
0 0.83359375 0.60625 0.0328125 0.065625
0 0.284375 0.6109375 0.0421875 0.059375
0 0.9515625 0.6203125 0.0421875 0.075
0 0.74765625 0.62265625 0.0359375 0.0359375
0 0.86796875 0.62734375 0.0515625 0.05625
0 0.1296875 0.62734375 0.0421875 0.0515625
0 0.46796875 0.6296875 0.0375 0.065625
0 0.5390625 0.6296875 0.0421875 0.065625
0 0.20390625 0.65078125 0.040625 0.0703125
0 0.15546875 0.678125 0.0453125 0.0828125
0 0.65078125 0.4234375 0.028125 0.0421875