0 0.79140625 0.1296875 0.05625 0.084375
0 0.24296875 0.14609375 0.0609375 0.0703125
0 0.4953125 0.16171875 0.0375 0.0703125
0 0.0625 0.17109375 0.046875 0.084375
0 0.6640625 0.1734375 0.05625 0.075
0 0.19921875 0.01875 0.0421875 0.0375
0 0.45859375 0.178125 0.046875 0.0796875
0 0.5140625 0.01875 0.028125 0.0375
0 0.91875 0.1875 0.0515625 0.09375
0 0.25 0.221875 0.0515625 0.075
0 0.68515625 0.0234375 0.0359375 0.046875
0 0.35625 0.2359375 0.0515625 0.0890625
0 0.0765625 0.28203125 0.0515625 0.0890625
0 0.18046875 0.2890625 0.0453125 0.0703125
0 0.65546875 0.3078125 0.0421875 0.078125
0 0.528125 0.3078125 0.0421875 0.09375
0 0.31015625 0.31484375 0.0515625 0.09375
0 0.45859375 0.321875 0.0609375 0.10625
0 0.5765625 0.3359375 0.05625 0.075
0 0.37734375 0.340625 0.0515625 0.096875
0 0.1640625 0.346875 0.046875 0.0890625
0 0.7890625 0.35859375 0.0609375 0.0890625
0 0.7890625 0.03671875 0.028125 0.0609375
0 0.028125 0.3890625 0.05625 0.096875
0 0.28203125 0.39609375 0.0546875 0.10625
0 0.321875 0.0390625 0.046875 0.0703125
0 0.60625 0.04140625 0.0421875 0.075
0 0.42578125 0.43515625 0.05625 0.10625
0 0.4515625 0.04375 0.0421875 0.075
0 0.21328125 0.44453125 0.05625 0.09375
0 0.803125 0.446875 0.0609375 0.084375
0 0.5390625 0.47421875 0.05625 0.10625
0 0.31953125 0.4859375 0.0515625 0.10625
0 0.97421875 0.51640625 0.0515625 0.096875
0 0.0484375 0.54140625 0.065625 0.096875
0 0.61328125 0.571875 0.0515625 0.10625
0 0.4953125 0.58125 0.05625 0.1015625
0 0.8609375 0.59453125 0.0609375 0.1015625
0 0.81953125 0.0625 0.0421875 0.084375
0 0.10390625 0.62734375 0.0515625 0.096875
0 0.2015625 0.64609375 0.0515625 0.1015625
0 0.3265625 0.6640625 0.0640625 0.115625
0 0.98125 0.66640625 0.0375 0.1015625
0 0.2109375 0.07421875 0.05625 0.084375
0 0.57890625 0.7453125 0.065625 0.10625
0 0.95625 0.0765625 0.0515625 0.0828125
0 0.3703125 0.7640625 0.065625 0.1203125
0 0.884375 0.77578125 0.0796875 0.1015625
0 0.1734375 0.82890625 0.0703125 0.1109375
0 0.28046875 0.08359375 0.0515625 0.0890625
0 0.86796875 0.89375 0.05625 0.096875
0 0.1390625 0.95859375 0.0796875 0.0796875
0 0.42578125 0.096875 0.0421875 0.075
0 0.4328125 0.98125 0.046875 0.0375
0 0.67578125 0.1015625 0.0515625 0.0609375
0 0.37734375 0.10859375 0.05625 0.096875
0 0.59453125 0.115625 0.0515625 0.075