0 0.740625 0.3890625 0.0140625 0.0140625
0 0.96796875 0.39375 0.01875 0.046875
0 0.85390625 0.3984375 0.0140625 0.01875
0 0.93515625 0.40078125 0.028125 0.0421875
0 0.821875 0.403125 0.0328125 0.03125
0 0.50234375 0.40703125 0.0234375 0.046875
0 0.90546875 0.40703125 0.0328125 0.0421875
0 0.884375 0.41171875 0.01875 0.03125
0 0.53671875 0.4140625 0.0140625 0.0234375
0 0.69453125 0.41640625 0.0359375 0.046875
0 0.4234375 0.41640625 0.01875 0.0234375
0 0.48125 0.42109375 0.0140625 0.0234375
0 0.85859375 0.42578125 0.0140625 0.0234375
0 0.28203125 0.428125 0.0234375 0.046875
0 0.74296875 0.43046875 0.03125 0.0421875
0 0.403125 0.43046875 0.0140625 0.01875
0 0.590625 0.4421875 0.065625 0.096875
0 0.38203125 0.44921875 0.01875 0.028125
0 0.35390625 0.4515625 0.0234375 0.0421875
0 0.8171875 0.4515625 0.028125 0.05625
0 0.26875 0.4515625 0.0234375 0.0515625
0 0.740625 0.4515625 0.028125 0.01875
0 0.33828125 0.45390625 0.0140625 0.028125
0 0.93984375 0.46328125 0.0421875 0.0890625
0 0.4953125 0.465625 0.028125 0.0515625
0 0.3078125 0.48125 0.0421875 0.0703125
0 0.44453125 0.48125 0.0234375 0.0375
0 0.884375 0.4859375 0.05625 0.0796875
0 0.01875 0.48828125 0.0375 0.0890625
0 0.2359375 0.48828125 0.0421875 0.0890625
0 0.7015625 0.49296875 0.0421875 0.0796875
0 0.153125 0.4953125 0.05625 0.1203125
0 0.528125 0.5 0.0359375 0.0515625
0 0.215625 0.509375 0.028125 0.0796875
0 0.42578125 0.5234375 0.0375 0.05625
0 0.75 0.53203125 0.075 0.1296875
0 0.07890625 0.53203125 0.0609375 0.096875
0 0.5484375 0.58359375 0.046875 0.096875
0 0.64140625 0.61796875 0.0546875 0.1015625
0 0.6828125 0.66640625 0.078125 0.1296875
0 0.471875 0.7890625 0.125 0.1953125