0 0.821875 0.53046875 0.01875 0.0140625
0 0.58828125 0.61796875 0.0046875 0.0046875
0 0.625 0.61796875 0.009375 0.0046875
0 0.6390625 0.61796875 0.009375 0.0046875
0 0.54140625 0.6203125 0.009375 0.009375
0 0.55078125 0.6203125 0.009375 0.009375
0 0.60390625 0.6203125 0.0140625 0.0140625
0 0.5765625 0.6203125 0.009375 0.0046875
0 0.56015625 0.6203125 0.0140625 0.009375
0 0.590625 0.6203125 0.009375 0.0046875
0 0.72890625 0.62265625 0.009375 0.0046875
0 0.65078125 0.62265625 0.0140625 0.009375
0 0.52109375 0.62265625 0.0140625 0.0140625
0 0.71953125 0.62265625 0.0046875 0.0046875
0 0.740625 0.62265625 0.009375 0.009375
0 0.6875 0.62265625 0.0140625 0.009375
0 0.76640625 0.625 0.0140625 0.009375
0 0.7546875 0.625 0.0140625 0.009375
0 0.696875 0.625 0.0140625 0.009375
0 0.67578125 0.62734375 0.0140625 0.009375
0 0.56953125 0.62734375 0.009375 0.0046875
0 0.71953125 0.62734375 0.0140625 0.009375
0 0.62734375 0.62734375 0.0140625 0.009375
0 0.615625 0.62734375 0.01875 0.0140625
0 0.77109375 0.6296875 0.0140625 0.009375
0 0.7109375 0.6296875 0.0140625 0.009375
0 0.5765625 0.63203125 0.0140625 0.0140625
0 0.66640625 0.63203125 0.0140625 0.009375
0 0.73125 0.63203125 0.0140625 0.009375
0 0.74296875 0.63203125 0.0140625 0.0140625
0 0.78046875 0.63203125 0.009375 0.009375
0 0.721875 0.63203125 0.0140625 0.009375
0 0.75234375 0.63203125 0.0140625 0.009375
0 0.31484375 0.63203125 0.0140625 0.009375
0 0.59296875 0.634375 0.01875 0.0140625
0 0.6875 0.634375 0.0140625 0.009375
0 0.76171875 0.634375 0.0140625 0.009375
0 0.625 0.63671875 0.0140625 0.009375
0 0.50234375 0.63671875 0.01875 0.0140625
0 0.66171875 0.63671875 0.0140625 0.009375
0 0.79609375 0.63671875 0.01875 0.0140625
0 0.3515625 0.6390625 0.0140625 0.009375
0 0.365625 0.64140625 0.01875 0.0140625
0 0.528125 0.64140625 0.01875 0.01875
0 0.62265625 0.64375 0.0140625 0.0140625
0 0.715625 0.64375 0.01875 0.0140625
0 0.6734375 0.64375 0.01875 0.009375
0 0.64140625 0.64609375 0.0140625 0.009375
0 0.76640625 0.64609375 0.0234375 0.01875
0 0.3125 0.64609375 0.0234375 0.01875
0 0.33359375 0.64609375 0.0140625 0.009375
0 0.39375 0.6484375 0.0234375 0.028125
0 0.35859375 0.653125 0.0140625 0.009375
0 0.46796875 0.653125 0.0234375 0.01875
0 0.7015625 0.65546875 0.01875 0.01875
0 0.68046875 0.659375 0.028125 0.01875
0 0.72421875 0.6640625 0.028125 0.01875
0 0.5859375 0.76640625 0.0703125 0.0546875
0 0.1734375 0.784375 0.09375 0.0703125