0 0.5859375 0.23828125 0.075 0.0796875
0 0.05078125 0.24296875 0.0703125 0.1625
0 0.20625 0.2453125 0.0515625 0.115625
0 0.39375 0.35625 0.075 0.125
0 0.64375 0.36328125 0.0890625 0.14375
0 0.14140625 0.3796875 0.0875 0.1625
0 0.82890625 0.3984375 0.0796875 0.1578125
0 0.66171875 0.04375 0.0515625 0.065625
0 0.98359375 0.446875 0.0234375 0.14375
0 0.0625 0.04609375 0.05625 0.0890625
0 0.3796875 0.0484375 0.0421875 0.096875
0 0.16875 0.05078125 0.0515625 0.09375
0 0.7890625 0.05546875 0.046875 0.078125
0 0.1296875 0.05546875 0.05625 0.0890625
0 0.76640625 0.55546875 0.1015625 0.190625
0 0.36328125 0.56953125 0.10625 0.2
0 0.0625 0.590625 0.1015625 0.221875
0 0.5234375 0.0625 0.0515625 0.10625
0 0.26875 0.0671875 0.0421875 0.0796875
0 0.903125 0.80078125 0.115625 0.2359375
0 0.1921875 0.803125 0.1390625 0.2140625
0 0.6015625 0.81015625 0.1390625 0.221875
0 0.5046875 0.12734375 0.065625 0.10625
0 0.97421875 0.13671875 0.046875 0.115625
0 0.1734375 0.1484375 0.065625 0.125
0 0.67578125 0.16171875 0.05625 0.1296875
0 0.02109375 0.16171875 0.0421875 0.134375
0 0.3359375 0.16171875 0.0515625 0.1109375
0 0.846875 0.20859375 0.075 0.14375
0 0.4140625 0.215625 0.065625 0.14375