0 0.8890625 0.10859375 0.028125 0.046875
0 0.41640625 0.1109375 0.0421875 0.0609375
0 0.4515625 0.11328125 0.028125 0.0421875
0 0.85859375 0.115625 0.0328125 0.0609375
0 0.72421875 0.115625 0.028125 0.0375
0 0.64375 0.1203125 0.028125 0.0421875
0 0.68046875 0.12734375 0.03125 0.046875
0 0.10390625 0.1296875 0.0359375 0.0515625
0 0.28671875 0.1296875 0.0375 0.05625
0 0.1484375 0.13203125 0.0421875 0.0609375
0 0.91640625 0.134375 0.0328125 0.0328125
0 0.34921875 0.13671875 0.03125 0.05625
0 0.31484375 0.14140625 0.0375 0.06875
0 0.7890625 0.14609375 0.0375 0.0515625
0 0.82421875 0.153125 0.0515625 0.06875
0 0.0484375 0.153125 0.096875 0.0453125
0 0.22890625 0.15546875 0.05625 0.0609375
0 0.17578125 0.18046875 0.0609375 0.06875
0 0.69453125 0.1828125 0.0546875 0.05625
0 0.9765625 0.18515625 0.0375 0.1578125
0 0.5625 0.2109375 0.115625 0.171875
0 0.19453125 0.215625 0.05625 0.05625
0 0.41171875 0.24765625 0.0609375 0.10625
0 0.51171875 0.259375 0.1109375 0.1390625
0 0.090625 0.26171875 0.084375 0.1390625
0 0.8890625 0.27109375 0.075 0.125
0 0.259375 0.31484375 0.10625 0.1765625
0 0.34453125 0.33125 0.075 0.1484375
0 0.70859375 0.35859375 0.0890625 0.125
0 0.5625 0.42109375 0.10625 0.1578125
0 0.49765625 0.08125 0.0234375 0.03125
0 0.65703125 0.0859375 0.028125 0.0328125
0 0.93046875 0.09296875 0.0328125 0.0421875
0 0.22421875 0.09296875 0.046875 0.0703125
0 0.59921875 0.096875 0.028125 0.046875
0 0.7546875 0.1015625 0.028125 0.0421875
0 0.03203125 0.10390625 0.03125 0.028125