0 0.034375 0.24765625 0.06875 0.1203125
0 0.6640625 0.25703125 0.0328125 0.046875
0 0.1390625 0.26640625 0.0421875 0.084375
0 0.5484375 0.26875 0.0234375 0.03125
0 0.87265625 0.26875 0.0375 0.0546875
0 0.93515625 0.26875 0.028125 0.0515625
0 0.29609375 0.27578125 0.0546875 0.0875
0 0.09296875 0.27578125 0.028125 0.0375
0 0.5671875 0.284375 0.028125 0.046875
0 0.59921875 0.284375 0.0421875 0.0703125
0 0.903125 0.284375 0.0328125 0.065625
0 0.48828125 0.284375 0.0421875 0.0703125
0 0.78671875 0.2890625 0.046875 0.0703125
0 0.25 0.29140625 0.0328125 0.046875
0 0.69453125 0.29140625 0.046875 0.0640625
0 0.21328125 0.29609375 0.0328125 0.0515625
0 0.15703125 0.29609375 0.028125 0.0515625
0 0.9609375 0.2984375 0.0421875 0.0640625
0 0.653125 0.30078125 0.0359375 0.0703125
0 0.46796875 0.31015625 0.028125 0.0515625
0 0.82890625 0.31953125 0.0140625 0.028125
0 0.1109375 0.34453125 0.065625 0.1015625
0 0.5140625 0.34453125 0.0515625 0.09375
0 0.840625 0.37734375 0.0375 0.0609375
0 0.5765625 0.42109375 0.0515625 0.075
0 0.2109375 0.4234375 0.0375 0.046875
0 0.7984375 0.43984375 0.046875 0.0703125
0 0.740625 0.45390625 0.05625 0.09375
0 0.090625 0.4609375 0.0328125 0.05625
0 0.625 0.46328125 0.0421875 0.065625
0 0.89375 0.46796875 0.0375 0.028125
0 0.2109375 0.471875 0.0328125 0.0515625
0 0.9328125 0.49296875 0.0328125 0.0421875
0 0.88203125 0.5140625 0.0375 0.0515625
0 0.8359375 0.54609375 0.0328125 0.065625
0 0.715625 0.66640625 0.065625 0.1015625
0 0.903125 0.23125 0.0328125 0.0515625
0 0.384375 0.2359375 0.0515625 0.0796875