0 0.45625 0.10625 0.0421875 0.0609375
0 0.17578125 0.1109375 0.0515625 0.065625
0 0.678125 0.11796875 0.0359375 0.065625
0 0.2640625 0.1203125 0.046875 0.0515625
0 0.41171875 0.125 0.040625 0.05625
0 0.928125 0.12734375 0.0234375 0.05625
0 0.3515625 0.13203125 0.0515625 0.05625
0 0.509375 0.13203125 0.0375 0.0640625
0 0.45390625 0.0140625 0.0234375 0.028125
0 0.8796875 0.134375 0.0421875 0.05625
0 0.6109375 0.14609375 0.0421875 0.0609375
0 0.70625 0.14609375 0.0359375 0.05625
0 0.97421875 0.153125 0.0421875 0.05625
0 0.7890625 0.15546875 0.0421875 0.040625
0 0.74296875 0.16640625 0.0359375 0.05625
0 0.83359375 0.16875 0.0328125 0.05625
0 0.0390625 0.16875 0.0375 0.0640625
0 0.38671875 0.17109375 0.0515625 0.0703125
0 0.2109375 0.1734375 0.05625 0.065625
0 0.43515625 0.178125 0.0515625 0.05625
0 0.31484375 0.1828125 0.046875 0.05625
0 0.93984375 0.18515625 0.0328125 0.05625
0 0.5390625 0.18984375 0.0515625 0.0703125
0 0.24765625 0.18984375 0.05625 0.0515625
0 0.884375 0.2015625 0.0375 0.046875
0 0.31484375 0.02109375 0.0375 0.0421875
0 0.15546875 0.20859375 0.05625 0.075
0 0.76171875 0.2109375 0.0421875 0.0515625
0 0.07421875 0.21328125 0.0515625 0.075
0 0.9765625 0.21796875 0.0421875 0.05625
0 0.49296875 0.21796875 0.046875 0.0421875
0 0.84921875 0.22890625 0.0375 0.05625
0 0.696875 0.22890625 0.046875 0.0796875
0 0.43515625 0.23359375 0.046875 0.0609375
0 0.21328125 0.24296875 0.075 0.075
0 0.3796875 0.24765625 0.0703125 0.096875
0 0.58828125 0.2546875 0.0515625 0.075
0 0.78671875 0.25703125 0.0359375 0.065625
0 0.02578125 0.26875 0.0515625 0.09375
0 0.28671875 0.26875 0.0546875 0.084375
0 0.45390625 0.26875 0.05625 0.0703125
0 0.66171875 0.27109375 0.0515625 0.0703125
0 0.8796875 0.28046875 0.0515625 0.0703125
0 0.7453125 0.28671875 0.046875 0.075
0 0.93984375 0.2890625 0.0421875 0.05625
0 0.509375 0.29375 0.046875 0.075
0 0.09453125 0.2984375 0.0609375 0.0703125
0 0.68984375 0.303125 0.05625 0.075
0 0.25 0.03046875 0.0609375 0.0609375
0 0.98125 0.3125 0.0375 0.075
0 0.82421875 0.31953125 0.046875 0.078125
0 0.46796875 0.31953125 0.0609375 0.065625
0 0.25 0.32421875 0.0515625 0.09375
0 0.4140625 0.33359375 0.0515625 0.0640625
0 0.18984375 0.33359375 0.0828125 0.09375
0 0.03671875 0.34453125 0.05625 0.084375
0 0.91875 0.35390625 0.05625 0.0703125
0 0.60859375 0.35390625 0.059375 0.09375
0 0.33125 0.35390625 0.0546875 0.115625
0 0.7640625 0.35625 0.065625 0.065625
0 0.5578125 0.35859375 0.065625 0.09375
0 0.7109375 0.35859375 0.0515625 0.075
0 0.36328125 0.36328125 0.0703125 0.10625
0 0.1109375 0.375 0.0796875 0.065625
0 0.97890625 0.3890625 0.0421875 0.065625
0 0.0234375 0.409375 0.046875 0.1109375
0 0.85859375 0.41640625 0.084375 0.1296875
0 0.45390625 0.41875 0.075 0.125
0 0.93984375 0.44921875 0.065625 0.10625
0 0.0859375 0.45625 0.0609375 0.1015625
0 0.1828125 0.4609375 0.09375 0.0609375
0 0.321875 0.46953125 0.0703125 0.115625
0 0.7984375 0.4765625 0.09375 0.125
0 0.0390625 0.0484375 0.0421875 0.046875
0 0.5671875 0.490625 0.0703125 0.125
0 0.67109375 0.53046875 0.096875 0.096875
0 0.3609375 0.5390625 0.0609375 0.0890625
0 0.19453125 0.053125 0.046875 0.046875
0 0.5765625 0.05546875 0.0359375 0.0515625
0 0.0765625 0.05546875 0.0359375 0.0546875
0 0.14609375 0.56015625 0.0828125 0.125
0 0.44921875 0.05546875 0.0328125 0.0375
0 0.45390625 0.5671875 0.10625 0.0890625
0 0.62265625 0.0578125 0.0359375 0.0515625
0 0.03671875 0.58515625 0.0734375 0.1203125
0 0.928125 0.596875 0.084375 0.115625
0 0.84921875 0.615625 0.0703125 0.1296875
0 0.23828125 0.61796875 0.096875 0.153125
0 0.7890625 0.63671875 0.0890625 0.0890625
0 0.11796875 0.06484375 0.05625 0.0453125
0 0.40703125 0.06484375 0.0421875 0.0453125
0 0.15078125 0.06484375 0.028125 0.0453125
0 0.41640625 0.659375 0.096875 0.134375
0 0.33125 0.67578125 0.1015625 0.1390625
0 0.60625 0.69921875 0.1015625 0.1625
0 0.73828125 0.071875 0.0328125 0.0328125
0 0.10625 0.75703125 0.084375 0.1484375
0 0.3265625 0.0765625 0.0375 0.0421875
0 0.03671875 0.75859375 0.0734375 0.1859375
0 0.74765625 0.76640625 0.10625 0.171875
0 0.946875 0.78046875 0.096875 0.171875
0 0.821875 0.778125 0.115625 0.171875
0 0.3890625 0.82421875 0.1203125 0.14375
0 0.88203125 0.08828125 0.0421875 0.0515625
0 0.79140625 0.09921875 0.0375 0.0421875
0 0.028125 0.1015625 0.0375 0.0515625