0 0.44921875 0.25234375 0.0421875 0.075
0 0.24765625 0.26171875 0.046875 0.075
0 0.51640625 0.26171875 0.0421875 0.075
0 0.4234375 0.26640625 0.0421875 0.075
0 0.7984375 0.278125 0.0515625 0.09375
0 0.68046875 0.28203125 0.046875 0.0703125
0 0.1828125 0.28203125 0.0609375 0.09375
0 0.0578125 0.28203125 0.0609375 0.0703125
0 0.66640625 0.2984375 0.0421875 0.0875
0 0.87265625 0.2984375 0.065625 0.0703125
0 0.39375 0.2984375 0.05625 0.10625
0 0.5578125 0.30078125 0.0515625 0.084375
0 0.73828125 0.30546875 0.0421875 0.084375
0 0.0234375 0.3078125 0.046875 0.0890625
0 0.6203125 0.3125 0.059375 0.096875
0 0.1203125 0.33359375 0.065625 0.0875
0 0.76640625 0.36328125 0.046875 0.084375
0 0.85859375 0.375 0.1015625 0.1109375
0 0.47421875 0.3984375 0.09375 0.10625
0 0.34296875 0.3984375 0.078125 0.125
0 0.2359375 0.40546875 0.075 0.115625
0 0.57421875 0.43046875 0.10625 0.1484375
0 0.69453125 0.47421875 0.1109375 0.1625
0 0.13203125 0.4953125 0.125 0.2265625
0 0.50234375 0.5671875 0.1109375 0.1765625
0 0.7359375 0.68515625 0.134375 0.2265625
0 0.365625 0.784375 0.2 0.296875
0 0.12265625 0.7890625 0.1484375 0.2359375
0 0.5484375 0.87265625 0.153125 0.2359375
0 0.54609375 0.09921875 0.03125 0.0515625
0 0.615625 0.125 0.0234375 0.0375
0 0.6734375 0.14140625 0.0359375 0.0515625
0 0.7109375 0.15546875 0.0234375 0.040625
0 0.45625 0.16171875 0.028125 0.040625
0 0.56015625 0.16171875 0.01875 0.0328125
0 0.240625 0.17109375 0.0421875 0.05625
0 0.78203125 0.17578125 0.03125 0.0328125
0 0.1390625 0.18046875 0.0375 0.075
0 0.57890625 0.1828125 0.028125 0.0375
0 0.89375 0.1828125 0.0375 0.046875
0 0.37734375 0.18515625 0.03125 0.0515625
0 0.18984375 0.18515625 0.0328125 0.0515625
0 0.31953125 0.1875 0.0234375 0.0375
0 0.08125 0.1875 0.046875 0.065625
0 0.68984375 0.1875 0.028125 0.028125
0 0.5140625 0.18984375 0.028125 0.0515625
0 0.490625 0.18984375 0.01875 0.0328125
0 0.41640625 0.1921875 0.0328125 0.040625
0 0.278125 0.19453125 0.0421875 0.0609375
0 0.43515625 0.19453125 0.0234375 0.0328125
0 0.03671875 0.196875 0.0375 0.0703125
0 0.946875 0.20390625 0.0421875 0.0609375
0 0.6109375 0.20859375 0.0328125 0.0609375
0 0.7734375 0.20859375 0.0375 0.0515625
0 0.46328125 0.20859375 0.0328125 0.0703125
0 0.2109375 0.2109375 0.0421875 0.0609375
0 0.01640625 0.215625 0.0328125 0.0703125
0 0.50234375 0.21796875 0.028125 0.0421875
0 0.55546875 0.21796875 0.0359375 0.0609375
0 0.25234375 0.21953125 0.040625 0.0609375
0 0.6734375 0.21953125 0.0421875 0.0640625
0 0.74296875 0.22421875 0.03125 0.0515625
0 0.3171875 0.23125 0.0515625 0.084375
0 0.7109375 0.23359375 0.028125 0.0515625
0 0.3515625 0.23359375 0.046875 0.084375
0 0.9765625 0.2359375 0.0375 0.065625
0 0.58359375 0.240625 0.0359375 0.0609375
0 0.20390625 0.240625 0.040625 0.046875
0 0.77109375 0.2453125 0.028125 0.0546875
0 0.884375 0.2453125 0.05625 0.0609375
0 0.1109375 0.24765625 0.0703125 0.09375