0 0.0625 0.115625 0.065625 0.0609375
0 0.4140625 0.1203125 0.075 0.078125
0 0.096875 0.12734375 0.065625 0.06875
0 0.1484375 0.1390625 0.065625 0.0828125
0 0.03046875 0.14375 0.0609375 0.096875
0 0.5625 0.14375 0.065625 0.10625
0 0.3265625 0.1484375 0.0875 0.1015625
0 0.96328125 0.15703125 0.065625 0.1015625
0 0.85390625 0.17109375 0.065625 0.084375
0 0.41875 0.1875 0.0703125 0.09375
0 0.09453125 0.18984375 0.0796875 0.0796875
0 0.51171875 0.196875 0.075 0.10625
0 0.65546875 0.19921875 0.065625 0.096875
0 0.20390625 0.2015625 0.084375 0.1109375
0 0.71953125 0.22890625 0.0890625 0.134375
0 0.7109375 0.0234375 0.0515625 0.046875
0 0.87265625 0.23359375 0.0609375 0.0703125
0 0.96328125 0.25234375 0.065625 0.115625
0 0.0484375 0.27578125 0.09375 0.1390625
0 0.3265625 0.028125 0.0640625 0.05625
0 0.5578125 0.28203125 0.065625 0.125
0 0.43515625 0.28671875 0.065625 0.10625
0 0.27578125 0.3125 0.10625 0.1625
0 0.12265625 0.340625 0.1109375 0.1296875
0 0.81484375 0.03671875 0.075 0.0703125
0 0.56484375 0.03671875 0.075 0.0703125
0 0.60625 0.35859375 0.0890625 0.1296875
0 0.04375 0.03671875 0.065625 0.0609375
0 0.96953125 0.37734375 0.0609375 0.125
0 0.8078125 0.39609375 0.1015625 0.1203125
0 0.51171875 0.40546875 0.0890625 0.1390625
0 0.11953125 0.04375 0.0734375 0.0875
0 0.3703125 0.42578125 0.0890625 0.134375
0 0.096875 0.45625 0.0796875 0.1109375
0 0.90078125 0.48125 0.0890625 0.1296875
0 0.653125 0.48828125 0.09375 0.1625
0 0.7109375 0.49765625 0.1109375 0.1484375
0 0.3265625 0.5046875 0.1109375 0.1671875
0 0.93515625 0.053125 0.075 0.10625
0 0.15703125 0.053125 0.05625 0.0703125
0 0.1640625 0.53203125 0.1203125 0.1625
0 0.51875 0.0578125 0.075 0.0796875
0 0.4953125 0.6109375 0.09375 0.190625
0 0.965625 0.653125 0.0609375 0.1765625
0 0.21796875 0.0671875 0.075 0.084375
0 0.87265625 0.0859375 0.0796875 0.096875
0 0.278125 0.08828125 0.0375 0.065625
0 0.36796875 0.090625 0.0515625 0.075
0 0.59921875 0.09296875 0.059375 0.084375
0 0.68046875 0.10390625 0.059375 0.0828125