0 0.490625 0.2734375 0.046875 0.09375
0 0.365625 0.3171875 0.046875 0.075
0 0.03671875 0.32421875 0.0421875 0.115625
0 0.89609375 0.32421875 0.0421875 0.1109375
0 0.69453125 0.3265625 0.0546875 0.115625
0 0.840625 0.3265625 0.0421875 0.096875
0 0.77109375 0.33359375 0.0359375 0.084375
0 0.93984375 0.33359375 0.0328125 0.10625
0 0.14140625 0.340625 0.0421875 0.09375
0 0.4328125 0.34921875 0.046875 0.096875
0 0.08828125 0.34921875 0.0453125 0.096875
0 0.3359375 0.3609375 0.05625 0.096875
0 0.196875 0.3796875 0.0375 0.10625
0 0.61328125 0.38203125 0.0375 0.1015625
0 0.26875 0.39609375 0.046875 0.084375