0 0.38671875 0.14375 0.075 0.0921875
0 0.284375 0.1640625 0.046875 0.046875
0 0.04609375 0.1921875 0.0609375 0.084375
0 0.34921875 0.196875 0.03125 0.0515625
0 0.0859375 0.20390625 0.0421875 0.0640625
0 0.96328125 0.21796875 0.046875 0.065625
0 0.1296875 0.21953125 0.05625 0.0796875
0 0.58828125 0.22890625 0.046875 0.065625
0 0.1828125 0.23828125 0.05625 0.0703125
0 0.634375 0.2453125 0.0359375 0.0609375
0 0.86328125 0.259375 0.0375 0.0609375
0 0.778125 0.259375 0.03125 0.05625
0 0.75 0.259375 0.0328125 0.0515625
0 0.909375 0.26171875 0.0375 0.065625
0 0.69921875 0.2734375 0.0421875 0.05625
0 0.83359375 0.346875 0.0515625 0.065625
0 0.74765625 0.36328125 0.0515625 0.0703125
0 0.63203125 0.39375 0.0421875 0.05625
0 0.55078125 0.39609375 0.046875 0.0609375