0 0.79609375 0.196875 0.03125 0.05625
0 0.86328125 0.2109375 0.0421875 0.0703125
0 0.4859375 0.221875 0.046875 0.075
0 0.66640625 0.24765625 0.0328125 0.0515625
0 0.72890625 0.24765625 0.0359375 0.05625
0 0.91171875 0.25234375 0.0515625 0.09375
0 0.26171875 0.2546875 0.0234375 0.0328125
0 0.6203125 0.259375 0.0421875 0.0796875
0 0.53046875 0.259375 0.03125 0.0703125
0 0.6828125 0.27109375 0.028125 0.046875
0 0.30546875 0.27109375 0.0375 0.0703125
0 0.2359375 0.2734375 0.0515625 0.0890625
0 0.071875 0.27578125 0.075 0.096875
0 0.45859375 0.278125 0.0515625 0.0796875
0 0.39609375 0.29140625 0.078125 0.1296875
0 0.159375 0.303125 0.0234375 0.028125
0 0.653125 0.3078125 0.046875 0.078125
0 0.759375 0.31484375 0.046875 0.1015625
0 0.196875 0.31953125 0.0421875 0.0890625
0 0.57890625 0.31953125 0.065625 0.1296875
0 0.3359375 0.3265625 0.0328125 0.0546875
0 0.84296875 0.33359375 0.075 0.1203125
0 0.490625 0.3359375 0.075 0.115625
0 0.70859375 0.3359375 0.065625 0.10625
0 0.284375 0.35390625 0.065625 0.115625
0 0.03203125 0.35625 0.0640625 0.10625
0 0.634375 0.35625 0.0515625 0.075
0 0.94921875 0.3703125 0.0703125 0.1203125
0 0.80078125 0.38203125 0.046875 0.09375
0 0.1390625 0.39140625 0.0828125 0.1484375
0 0.053125 0.41171875 0.075 0.1203125