0 0.1296875 0.01171875 0.01875 0.0234375
0 0.75 0.01171875 0.0140625 0.0140625
0 0.45625 0.10625 0.0140625 0.0234375
0 0.5234375 0.1109375 0.0140625 0.0140625
0 0.3125 0.1109375 0.01875 0.028125
0 0.94453125 0.11328125 0.01875 0.0234375
0 0.68046875 0.115625 0.01875 0.01875
0 0.58125 0.01171875 0.0140625 0.01875
0 0.090625 0.11796875 0.0234375 0.028125
0 0.56953125 0.12265625 0.0140625 0.0234375
0 0.4859375 0.12265625 0.01875 0.028125
0 0.92578125 0.01171875 0.0140625 0.0140625
0 0.60625 0.125 0.0234375 0.0234375
0 0.2546875 0.12734375 0.01875 0.0234375
0 0.23359375 0.1296875 0.0234375 0.028125
0 0.34296875 0.134375 0.01875 0.0234375
0 0.64140625 0.134375 0.0140625 0.0234375
0 0.73828125 0.0140625 0.01875 0.01875
0 0.71328125 0.13671875 0.0140625 0.01875
0 0.01875 0.13671875 0.01875 0.0328125
0 0.5765625 0.1390625 0.0140625 0.01875
0 0.76171875 0.14140625 0.01875 0.0234375
0 0.98828125 0.14375 0.0140625 0.0375
0 0.87265625 0.14375 0.0234375 0.0234375
0 0.90546875 0.14375 0.01875 0.0234375
0 0.96953125 0.0140625 0.0140625 0.01875
0 0.66875 0.01640625 0.0140625 0.01875
0 0.965625 0.1484375 0.0234375 0.028125
0 0.81953125 0.15546875 0.01875 0.028125
0 0.20859375 0.01640625 0.0140625 0.0140625
0 0.40078125 0.15703125 0.0234375 0.028125
0 0.2109375 0.16171875 0.01875 0.0234375
0 0.91171875 0.01640625 0.01875 0.0234375
0 0.5140625 0.01640625 0.009375 0.0140625
0 0.15546875 0.16875 0.01875 0.0234375
0 0.35625 0.178125 0.01875 0.028125
0 0.52578125 0.178125 0.01875 0.01875
0 0.821875 0.18046875 0.01875 0.028125
0 0.01640625 0.18515625 0.01875 0.0234375
0 0.1875 0.18515625 0.01875 0.01875
0 0.4609375 0.1921875 0.0234375 0.0234375
0 0.29609375 0.19453125 0.01875 0.028125
0 0.05078125 0.196875 0.01875 0.0234375
0 0.159375 0.02109375 0.0140625 0.0140625
0 0.27578125 0.02109375 0.01875 0.0234375
0 0.803125 0.02109375 0.01875 0.0234375
0 0.90546875 0.2015625 0.01875 0.0328125
0 0.14140625 0.20625 0.01875 0.028125
0 0.96796875 0.20625 0.01875 0.0234375
0 0.89140625 0.02109375 0.01875 0.01875
0 0.2453125 0.21796875 0.0234375 0.0234375
0 0.34453125 0.0234375 0.0140625 0.01875
0 0.44453125 0.0234375 0.009375 0.009375
0 0.55078125 0.221875 0.01875 0.028125
0 0.91640625 0.22421875 0.01875 0.028125
0 0.63203125 0.2265625 0.0234375 0.028125
0 0.35390625 0.22890625 0.01875 0.028125
0 0.52578125 0.0234375 0.0140625 0.01875
0 0.70625 0.2359375 0.0234375 0.028125
0 0.39609375 0.23828125 0.01875 0.0234375
0 0.85625 0.02578125 0.0140625 0.01875
0 0.59921875 0.02578125 0.0140625 0.0140625
0 0.73359375 0.24296875 0.0234375 0.028125
0 0.51875 0.2453125 0.01875 0.0234375
0 0.56484375 0.02578125 0.0140625 0.0140625
0 0.91640625 0.2546875 0.0234375 0.0234375
0 0.80546875 0.25703125 0.028125 0.0234375
0 0.284375 0.26171875 0.0234375 0.0234375
0 0.1734375 0.02578125 0.0140625 0.0234375
0 0.09453125 0.26640625 0.0234375 0.028125
0 0.21953125 0.27109375 0.0234375 0.0234375
0 0.76875 0.028125 0.0140625 0.0234375
0 0.96953125 0.29609375 0.01875 0.03125
0 0.8609375 0.30078125 0.028125 0.028125
0 0.20859375 0.03046875 0.0140625 0.01875
0 0.6875 0.03046875 0.01875 0.0234375
0 0.009375 0.3078125 0.01875 0.0375
0 0.48125 0.03203125 0.0140625 0.0234375
0 0.6390625 0.03203125 0.01875 0.0234375
0 0.33125 0.3171875 0.0234375 0.0375
0 0.6390625 0.31953125 0.0234375 0.0375
0 0.7359375 0.32421875 0.0234375 0.0328125
0 0.446875 0.03203125 0.0140625 0.0140625
0 0.5 0.3265625 0.0234375 0.03125
0 0.18984375 0.3515625 0.028125 0.028125
0 0.27578125 0.365625 0.0234375 0.0234375
0 0.846875 0.03671875 0.0140625 0.0140625
0 0.03203125 0.37734375 0.0375 0.0375
0 0.30546875 0.03671875 0.01875 0.028125
0 0.9609375 0.0390625 0.0140625 0.01875
0 0.821875 0.0390625 0.0140625 0.01875
0 0.60390625 0.409375 0.028125 0.0375
0 0.471875 0.41640625 0.0234375 0.0375
0 0.12734375 0.04375 0.01875 0.0234375
0 0.19453125 0.43984375 0.028125 0.0375
0 0.08359375 0.04375 0.0234375 0.028125
0 0.8984375 0.04375 0.01875 0.01875
0 0.76875 0.04609375 0.01875 0.0140625
0 0.884375 0.45625 0.028125 0.028125
0 0.34921875 0.04609375 0.0140625 0.028125
0 0.15703125 0.0484375 0.01875 0.01875
0 0.06953125 0.490625 0.028125 0.0328125
0 0.1921875 0.05078125 0.0140625 0.01875
0 0.6921875 0.49296875 0.028125 0.0375
0 0.60859375 0.05078125 0.01875 0.0234375
0 0.528125 0.5046875 0.01875 0.0375
0 0.321875 0.50703125 0.028125 0.03125
0 0.39140625 0.053125 0.009375 0.0140625
0 0.240625 0.053125 0.0140625 0.0234375
0 0.153125 0.53046875 0.0328125 0.03125
0 0.91171875 0.534375 0.028125 0.0359375
0 0.90546875 0.05546875 0.01875 0.01875
0 0.79140625 0.0578125 0.01875 0.01875
0 0.97421875 0.0578125 0.0140625 0.01875
0 0.9421875 0.59453125 0.0328125 0.0421875
0 0.81953125 0.06015625 0.0140625 0.01875
0 0.9421875 0.06015625 0.01875 0.0234375
0 0.7109375 0.06015625 0.0140625 0.01875
0 0.78203125 0.61328125 0.03125 0.0421875
0 0.4515625 0.0625 0.01875 0.0234375
0 0.5390625 0.6203125 0.028125 0.0421875
0 0.86796875 0.00703125 0.0140625 0.0140625
0 0.428125 0.00703125 0.009375 0.0140625
0 0.12265625 0.0671875 0.0140625 0.01875
0 0.39609375 0.0671875 0.0140625 0.0234375
0 0.5390625 0.0671875 0.0140625 0.0234375
0 0.8515625 0.0671875 0.01875 0.0140625
0 0.3171875 0.68984375 0.0375 0.0421875
0 0.6015625 0.07421875 0.01875 0.0234375
0 0.9609375 0.00703125 0.0140625 0.0140625
0 0.221875 0.07421875 0.01875 0.01875
0 0.04375 0.7359375 0.0375 0.0421875
0 0.903125 0.07421875 0.0140625 0.0234375
0 0.43515625 0.74765625 0.0375 0.0515625
0 0.28046875 0.0765625 0.0140625 0.0234375
0 0.49765625 0.0765625 0.0140625 0.0234375
0 0.3359375 0.07890625 0.0140625 0.0234375
0 0.5484375 0.07890625 0.01875 0.01875
0 0.13671875 0.80078125 0.046875 0.065625
0 0.16875 0.08125 0.01875 0.0234375
0 0.2890625 0.85859375 0.0421875 0.05625
0 0.98828125 0.08828125 0.0140625 0.028125
0 0.51640625 0.08828125 0.0140625 0.01875
0 0.02578125 0.884375 0.046875 0.0421875
0 0.62265625 0.090625 0.01875 0.0234375
0 0.7890625 0.090625 0.0140625 0.0234375
0 0.35390625 0.89140625 0.0375 0.0375
0 0.15078125 0.090625 0.01875 0.028125
0 0.8359375 0.090625 0.01875 0.0234375
0 0.88203125 0.09453125 0.01875 0.01875
0 0.23359375 0.09453125 0.01875 0.0234375
0 0.42578125 0.09453125 0.0140625 0.0234375
0 0.81484375 0.09921875 0.01875 0.0234375
0 0.71328125 0.09921875 0.01875 0.0234375
0 0.76875 0.09921875 0.01875 0.01875
0 0.07421875 0.1015625 0.0140625 0.028125