0 0.3171875 0.39609375 0.01875 0.0375
0 0.29609375 0.3984375 0.01875 0.0375
0 0.18984375 0.40078125 0.0375 0.046875
0 0.615625 0.40546875 0.0421875 0.046875
0 0.409375 0.40546875 0.0328125 0.0515625
0 0.47421875 0.40703125 0.028125 0.0375
0 0.784375 0.41171875 0.03125 0.0640625
0 0.4515625 0.4140625 0.01875 0.0234375
0 0.49765625 0.42109375 0.0234375 0.046875
0 0.25234375 0.428125 0.046875 0.0703125
0 0.215625 0.428125 0.0609375 0.05625
0 0.51640625 0.43515625 0.01875 0.028125
0 0.11328125 0.4375 0.0703125 0.0703125
0 0.82421875 0.43984375 0.0515625 0.0796875
0 0.88671875 0.43984375 0.0421875 0.065625
0 0.75703125 0.43984375 0.01875 0.0328125
0 0.3609375 0.4421875 0.040625 0.0609375
0 0.56484375 0.4421875 0.0359375 0.065625
0 0.96953125 0.4609375 0.0515625 0.125
0 0.696875 0.465625 0.065625 0.0890625
0 0.596875 0.46796875 0.046875 0.0703125
0 0.3984375 0.4765625 0.046875 0.065625
0 0.215625 0.49296875 0.05625 0.096875
0 0.2546875 0.50703125 0.046875 0.09375
0 0.47890625 0.51171875 0.0703125 0.09375
0 0.34921875 0.534375 0.046875 0.065625
0 0.6484375 0.590625 0.0796875 0.1109375
0 0.06953125 0.70625 0.1390625 0.3609375