0 0.73359375 0.2734375 0.046875 0.0515625
0 0.77578125 0.28203125 0.0515625 0.065625
0 0.56015625 0.29375 0.0421875 0.0609375
0 0.34453125 0.2984375 0.046875 0.0640625
0 0.634375 0.3078125 0.0421875 0.075
0 0.490625 0.31015625 0.046875 0.0515625
0 0.409375 0.31015625 0.0421875 0.040625
0 0.81953125 0.3265625 0.065625 0.0703125
0 0.721875 0.3359375 0.0359375 0.0515625
0 0.8796875 0.3359375 0.065625 0.096875
0 0.65703125 0.340625 0.0421875 0.0609375
0 0.2453125 0.340625 0.0421875 0.065625
0 0.4421875 0.34296875 0.046875 0.065625
0 0.75703125 0.34453125 0.046875 0.0609375
0 0.54140625 0.346875 0.0359375 0.046875
0 0.28203125 0.3515625 0.0375 0.0609375
0 0.5140625 0.35859375 0.046875 0.075
0 0.321875 0.3609375 0.0515625 0.0609375
0 0.20390625 0.36796875 0.084375 0.096875
0 0.553125 0.3796875 0.05625 0.0515625
0 0.61328125 0.3796875 0.0421875 0.0703125
0 0.38671875 0.39140625 0.065625 0.084375
0 0.80078125 0.39140625 0.05625 0.075
0 0.68984375 0.39375 0.05625 0.0796875
0 0.40078125 0.5390625 0.065625 0.075
0 0.28203125 0.5578125 0.0703125 0.078125
0 0.76171875 0.57421875 0.0703125 0.0796875
0 0.1640625 0.58828125 0.0796875 0.1109375
0 0.89375 0.60859375 0.0703125 0.1015625
0 0.65546875 0.6734375 0.059375 0.075
0 0.58125 0.6921875 0.075 0.078125
0 0.26640625 0.6921875 0.084375 0.0890625
0 0.3796875 0.70390625 0.075 0.0890625
0 0.09921875 0.71953125 0.0890625 0.14375
0 0.78046875 0.7359375 0.065625 0.09375
0 0.9375 0.76171875 0.0890625 0.096875