0 0.15703125 0.14609375 0.06875 0.05625
0 0.89609375 0.16171875 0.065625 0.0609375
0 0.54609375 0.16875 0.0515625 0.0796875
0 0.67109375 0.1828125 0.03125 0.065625
0 0.95625 0.18515625 0.0375 0.0328125
0 0.43515625 0.19921875 0.0609375 0.075
0 0.80078125 0.19921875 0.046875 0.0703125
0 0.7359375 0.19921875 0.0515625 0.0796875
0 0.63203125 0.2015625 0.0703125 0.0796875
0 0.278125 0.2109375 0.075 0.09375
0 0.34296875 0.21328125 0.028125 0.040625
0 0.20390625 0.215625 0.06875 0.0875
0 0.68984375 0.215625 0.0328125 0.0515625
0 0.48828125 0.21796875 0.0375 0.05625
0 0.8609375 0.21796875 0.0609375 0.084375
0 0.54140625 0.23359375 0.059375 0.0703125
0 0.93984375 0.240625 0.065625 0.0828125