0 0.34921875 0.42578125 0.046875 0.065625
0 0.1203125 0.4375 0.0546875 0.0796875
0 0.84921875 0.44453125 0.0421875 0.075
0 0.78046875 0.446875 0.0421875 0.0796875
0 0.25 0.44921875 0.046875 0.075
0 0.409375 0.44921875 0.0421875 0.0515625
0 0.54609375 0.4515625 0.03125 0.0609375
0 0.70625 0.45859375 0.0359375 0.05625
0 0.1875 0.45859375 0.046875 0.0703125
0 0.63203125 0.46328125 0.046875 0.065625
0 0.47421875 0.46953125 0.046875 0.0703125
0 0.09296875 0.471875 0.046875 0.0703125
0 0.90703125 0.47421875 0.0421875 0.075
0 0.6875 0.5671875 0.0375 0.0890625
0 0.3890625 0.56953125 0.046875 0.065625
0 0.78671875 0.57421875 0.0515625 0.065625
0 0.30546875 0.58125 0.0546875 0.078125
0 0.4859375 0.58828125 0.046875 0.065625
0 0.5765625 0.59453125 0.0328125 0.065625
0 0.19921875 0.61796875 0.046875 0.078125