0 0.01640625 0.12734375 0.0328125 0.0828125
0 0.59453125 0.19453125 0.028125 0.0375
0 0.4515625 0.20859375 0.0140625 0.01875
0 0.39609375 0.215625 0.0140625 0.01875
0 0.37734375 0.21796875 0.0140625 0.0234375
0 0.465625 0.221875 0.0234375 0.0328125
0 0.115625 0.221875 0.0375 0.0515625
0 0.0765625 0.2265625 0.05625 0.0890625
0 0.5671875 0.22890625 0.0140625 0.01875
0 0.41171875 0.23359375 0.01875 0.01875
0 0.44453125 0.23359375 0.01875 0.028125
0 0.4765625 0.23359375 0.0234375 0.0328125
0 0.6734375 0.2359375 0.0140625 0.0140625
0 0.4234375 0.2359375 0.0140625 0.0234375
0 0.50234375 0.2359375 0.01875 0.028125
0 0.68515625 0.2359375 0.009375 0.009375
0 0.7109375 0.2359375 0.01875 0.0234375
0 0.60390625 0.24296875 0.0421875 0.05625
0 0.64375 0.2546875 0.03125 0.065625
0 0.6921875 0.2640625 0.01875 0.0234375
0 0.53046875 0.26640625 0.0234375 0.0421875
0 0.72421875 0.2734375 0.0359375 0.0421875
0 0.9421875 0.28046875 0.01875 0.03125
0 0.778125 0.28203125 0.0609375 0.0609375
0 0.92109375 0.28671875 0.0328125 0.0375
0 0.98828125 0.28671875 0.0140625 0.046875
0 0.47421875 0.30078125 0.0515625 0.09375
0 0.10625 0.3078125 0.0609375 0.075
0 0.55546875 0.31015625 0.046875 0.078125
0 0.70859375 0.3125 0.0421875 0.0515625
0 0.840625 0.31953125 0.0421875 0.0546875
0 0.884375 0.321875 0.046875 0.046875
0 0.97421875 0.3359375 0.0421875 0.065625
0 0.34453125 0.346875 0.0546875 0.0890625
0 0.41171875 0.3515625 0.0703125 0.1296875
0 0.7734375 0.3515625 0.0609375 0.075
0 0.89140625 0.403125 0.075 0.09375
0 0.553125 0.44453125 0.059375 0.125
0 0.63671875 0.465625 0.084375 0.1671875
0 0.92578125 0.48359375 0.0796875 0.1390625
0 0.20859375 0.51875 0.0796875 0.14375