0 0.04140625 0.1203125 0.01875 0.0234375
0 0.1109375 0.1203125 0.0140625 0.028125
0 0.178125 0.1203125 0.01875 0.0234375
0 0.4140625 0.0140625 0.0234375 0.028125
0 0.26875 0.12734375 0.0140625 0.028125
0 0.740625 0.13671875 0.01875 0.028125
0 0.509375 0.1390625 0.0234375 0.0328125
0 0.00703125 0.14609375 0.0140625 0.028125
0 0.53046875 0.0140625 0.0140625 0.01875
0 0.20625 0.1484375 0.0234375 0.0328125
0 0.46328125 0.1484375 0.0234375 0.0328125
0 0.3890625 0.15078125 0.028125 0.028125
0 0.41171875 0.1640625 0.0234375 0.0328125
0 0.8796875 0.01640625 0.01875 0.01875
0 0.62265625 0.01640625 0.0140625 0.0234375
0 0.7984375 0.16875 0.0234375 0.0328125
0 0.19921875 0.1734375 0.0140625 0.0140625
0 0.21953125 0.17578125 0.01875 0.0375
0 0.1640625 0.178125 0.01875 0.0234375
0 0.471875 0.1828125 0.0140625 0.01875
0 0.13203125 0.18515625 0.0234375 0.028125
0 0.25 0.1875 0.0234375 0.0328125
0 0.2015625 0.18984375 0.01875 0.028125
0 0.29375 0.18984375 0.0234375 0.028125
0 0.58828125 0.19453125 0.01875 0.0328125
0 0.178125 0.196875 0.01875 0.028125
0 0.48828125 0.196875 0.0234375 0.028125
0 0.93046875 0.196875 0.01875 0.0328125
0 0.08828125 0.02109375 0.01875 0.0234375
0 0.69453125 0.02109375 0.01875 0.0328125
0 0.634375 0.20625 0.01875 0.0234375
0 0.4375 0.21796875 0.01875 0.0234375
0 0.12734375 0.21953125 0.0234375 0.0328125
0 0.8171875 0.02109375 0.0140625 0.0234375
0 0.528125 0.221875 0.028125 0.0328125
0 0.4765625 0.23359375 0.0234375 0.0328125
0 0.29375 0.02578125 0.0140625 0.0234375
0 0.92109375 0.2453125 0.0234375 0.028125
0 0.43984375 0.24765625 0.0234375 0.0375
0 0.35625 0.25 0.0234375 0.0234375
0 0.6875 0.25 0.0234375 0.0328125
0 0.21328125 0.25 0.0234375 0.0375
0 0.03671875 0.02578125 0.01875 0.028125
0 0.16171875 0.25234375 0.01875 0.0234375
0 0.66171875 0.25703125 0.0234375 0.03125
0 0.06484375 0.259375 0.028125 0.0234375
0 0.25234375 0.2640625 0.0234375 0.0328125
0 0.98828125 0.26640625 0.0140625 0.0421875
0 0.58828125 0.26875 0.028125 0.03125
0 0.40078125 0.27109375 0.01875 0.028125
0 0.02578125 0.27109375 0.0234375 0.0234375
0 0.303125 0.2734375 0.0234375 0.028125
0 0.1640625 0.278125 0.0234375 0.03125
0 0.528125 0.28203125 0.028125 0.028125
0 0.18046875 0.028125 0.0140625 0.0234375
0 0.875 0.28203125 0.028125 0.0421875
0 0.7984375 0.284375 0.01875 0.03125
0 0.6390625 0.284375 0.01875 0.03125
0 0.96796875 0.284375 0.0234375 0.03125
0 0.06015625 0.284375 0.01875 0.0234375
0 0.26171875 0.28671875 0.0234375 0.03125
0 0.39609375 0.29375 0.0234375 0.028125
0 0.47890625 0.29375 0.0234375 0.028125
0 0.71953125 0.29609375 0.0140625 0.0234375
0 0.778125 0.2984375 0.0234375 0.040625
0 0.5625 0.2984375 0.028125 0.03125
0 0.14375 0.2984375 0.0234375 0.03125
0 0.60390625 0.303125 0.028125 0.028125
0 0.54375 0.3078125 0.01875 0.028125
0 0.66171875 0.3078125 0.028125 0.0375
0 0.9609375 0.31015625 0.028125 0.040625
0 0.4375 0.31015625 0.0234375 0.0234375
0 0.28203125 0.31953125 0.0234375 0.028125
0 0.39609375 0.31953125 0.01875 0.028125
0 0.840625 0.321875 0.028125 0.046875
0 0.42578125 0.321875 0.0234375 0.0375
0 0.4765625 0.32421875 0.01875 0.0328125
0 0.76875 0.03203125 0.0140625 0.01875
0 0.57421875 0.32421875 0.01875 0.0328125
0 0.0484375 0.3265625 0.0234375 0.03125
0 0.49296875 0.32890625 0.028125 0.0375
0 0.69453125 0.32890625 0.0234375 0.03125
0 0.08828125 0.33125 0.028125 0.0375
0 0.375 0.33359375 0.0234375 0.0375
0 0.43984375 0.3359375 0.0234375 0.028125
0 0.23828125 0.3359375 0.0234375 0.028125
0 0.5140625 0.34453125 0.0234375 0.0421875
0 0.15078125 0.346875 0.0234375 0.0375
0 0.471875 0.3515625 0.0234375 0.0328125
0 0.41171875 0.35625 0.028125 0.03125
0 0.5625 0.35625 0.0234375 0.03125
0 0.44921875 0.35859375 0.0234375 0.028125
0 0.8125 0.36328125 0.0234375 0.0328125
0 0.94921875 0.36328125 0.0234375 0.0328125
0 0.00703125 0.36796875 0.0140625 0.0375
0 0.1828125 0.36796875 0.028125 0.0421875
0 0.64609375 0.36796875 0.028125 0.03125
0 0.58359375 0.3703125 0.0234375 0.0375
0 0.84453125 0.37734375 0.028125 0.03125
0 0.41875 0.384375 0.0234375 0.03125
0 0.95859375 0.39140625 0.028125 0.0421875
0 0.1015625 0.39375 0.028125 0.046875
0 0.7546875 0.39609375 0.03125 0.03125
0 0.26875 0.39609375 0.0234375 0.046875
0 0.6640625 0.0390625 0.0234375 0.0328125
0 0.53046875 0.3984375 0.0234375 0.0421875
0 0.51875 0.403125 0.01875 0.028125
0 0.490625 0.41171875 0.0328125 0.0375
0 0.6203125 0.41875 0.0234375 0.028125
0 0.21328125 0.428125 0.0234375 0.0375
0 0.928125 0.43046875 0.028125 0.0328125
0 0.78046875 0.43515625 0.028125 0.046875
0 0.29140625 0.4375 0.0234375 0.046875
0 0.990625 0.4421875 0.01875 0.0703125
0 0.68515625 0.4421875 0.028125 0.0421875
0 0.55078125 0.446875 0.01875 0.0328125
0 0.846875 0.04609375 0.01875 0.0234375
0 0.60859375 0.45625 0.0234375 0.028125
0 0.40703125 0.45859375 0.0234375 0.0234375
0 0.134375 0.465625 0.028125 0.0421875
0 0.49296875 0.46953125 0.028125 0.028125
0 0.6203125 0.47421875 0.028125 0.0328125
0 0.33125 0.47421875 0.0234375 0.0421875
0 0.5671875 0.47890625 0.028125 0.046875
0 0.71796875 0.48125 0.01875 0.0375
0 0.16640625 0.48828125 0.028125 0.0375
0 0.44921875 0.49296875 0.028125 0.0421875
0 0.9375 0.5046875 0.0375 0.0515625
0 0.071875 0.50703125 0.028125 0.046875
0 0.625 0.5140625 0.028125 0.0421875
0 0.1828125 0.00703125 0.0140625 0.0140625
0 0.30546875 0.53203125 0.0234375 0.0515625
0 0.68046875 0.54609375 0.03125 0.0421875
0 0.77578125 0.54609375 0.0328125 0.046875
0 0.4765625 0.54609375 0.0234375 0.03125
0 0.2453125 0.5484375 0.0234375 0.0421875
0 0.39609375 0.55078125 0.03125 0.0515625
0 0.84921875 0.553125 0.028125 0.0515625
0 0.27578125 0.56484375 0.0234375 0.0421875
0 0.50234375 0.571875 0.0359375 0.046875
0 0.1875 0.0578125 0.0140625 0.0234375
0 0.41171875 0.58828125 0.028125 0.0421875
0 0.30546875 0.596875 0.028125 0.0421875
0 0.0390625 0.00703125 0.01875 0.0140625
0 0.39375 0.62734375 0.0375 0.0421875
0 0.13203125 0.63203125 0.0421875 0.0515625
0 0.590625 0.64140625 0.0359375 0.046875
0 0.54609375 0.65546875 0.03125 0.0515625
0 0.25703125 0.0671875 0.0234375 0.028125
0 0.23359375 0.70390625 0.0421875 0.0421875
0 0.153125 0.00703125 0.01875 0.0140625
0 0.55078125 0.75703125 0.0328125 0.0515625
0 0.590625 0.88671875 0.0421875 0.0421875
0 0.95859375 0.09296875 0.009375 0.0140625
0 0.16640625 0.1015625 0.01875 0.0234375