0 0.17109375 0.33125 0.0375 0.0515625
0 0.73359375 0.33125 0.03125 0.0546875
0 0.403125 0.33359375 0.0375 0.046875
0 0.8984375 0.33359375 0.0421875 0.0515625
0 0.60390625 0.3359375 0.0359375 0.0609375
0 0.24296875 0.37265625 0.0328125 0.046875
0 0.67109375 0.3796875 0.0359375 0.0515625
0 0.8078125 0.3796875 0.03125 0.0515625
0 0.32890625 0.39375 0.03125 0.0515625
0 0.45625 0.39375 0.028125 0.0515625
0 0.5625 0.39375 0.0375 0.0515625
0 0.90546875 0.39375 0.0421875 0.0515625
0 0.1734375 0.40078125 0.0375 0.05625
0 0.71796875 0.41171875 0.0359375 0.046875
0 0.528125 0.43515625 0.0359375 0.0609375
0 0.10390625 0.4375 0.028125 0.05625
0 0.6390625 0.44921875 0.0359375 0.075
0 0.79375 0.44921875 0.0328125 0.046875
0 0.44921875 0.471875 0.0375 0.0515625
0 0.3890625 0.47890625 0.0375 0.05625
0 0.24296875 0.48359375 0.0375 0.05625
0 0.73359375 0.48359375 0.0359375 0.0515625
0 0.9515625 0.4953125 0.0421875 0.065625
0 0.06015625 0.50703125 0.040625 0.065625
0 0.16875 0.51171875 0.040625 0.0421875
0 0.340625 0.51875 0.0375 0.0609375
0 0.5390625 0.51875 0.0328125 0.0609375
0 0.778125 0.5234375 0.0359375 0.0515625
0 0.62734375 0.52578125 0.0359375 0.059375
0 0.696875 0.54375 0.0421875 0.0546875
0 0.465625 0.54609375 0.0328125 0.0515625
0 0.39375 0.56015625 0.0375 0.0421875
0 0.13203125 0.56484375 0.0328125 0.046875
0 0.875 0.5671875 0.0421875 0.0515625
0 0.571875 0.58828125 0.028125 0.0515625
0 0.6484375 0.60390625 0.0328125 0.05625
0 0.27109375 0.615625 0.046875 0.05625
0 0.18984375 0.615625 0.0375 0.05625
0 0.07421875 0.6203125 0.046875 0.065625
0 0.4609375 0.625 0.0421875 0.0609375
0 0.91875 0.65703125 0.0421875 0.0515625
0 0.5234375 0.6734375 0.0328125 0.0515625
0 0.50703125 0.1828125 0.028125 0.0375
0 0.4375 0.18515625 0.0375 0.046875
0 0.70859375 0.20625 0.0359375 0.05625
0 0.365625 0.215625 0.0375 0.05625
0 0.58125 0.21796875 0.0359375 0.05625
0 0.65546875 0.24296875 0.0421875 0.05625
0 0.428125 0.25703125 0.0375 0.046875
0 0.29609375 0.259375 0.03125 0.0515625
0 0.53203125 0.27109375 0.03125 0.0515625
0 0.7640625 0.278125 0.0359375 0.0515625
0 0.21796875 0.28046875 0.0375 0.0546875
0 0.34453125 0.28203125 0.0375 0.046875
0 0.83125 0.28671875 0.0421875 0.0609375
0 0.66171875 0.3078125 0.0328125 0.046875
0 0.52578125 0.31953125 0.0328125 0.0515625