0 0.28046875 0.31015625 0.0546875 0.1203125
0 0.990625 0.3265625 0.01875 0.1109375
0 0.65546875 0.33125 0.059375 0.1203125
0 0.81953125 0.3359375 0.065625 0.1203125
0 0.69921875 0.34921875 0.0421875 0.0875
0 0.971875 0.73359375 0.046875 0.1609375
0 0.071875 0.153125 0.0359375 0.06875
0 0.72890625 0.16875 0.028125 0.0515625
0 0.1390625 0.17109375 0.028125 0.0453125
0 0.23828125 0.1734375 0.0234375 0.046875
0 0.26640625 0.178125 0.0234375 0.0328125
0 0.321875 0.1828125 0.0234375 0.046875
0 0.3796875 0.18515625 0.0234375 0.046875
0 0.403125 0.1875 0.0234375 0.0515625
0 0.2015625 0.18984375 0.0234375 0.0515625
0 0.18515625 0.1921875 0.028125 0.040625
0 0.30078125 0.1921875 0.01875 0.028125
0 0.625 0.196875 0.0234375 0.0328125
0 0.5484375 0.20390625 0.0140625 0.0328125
0 0.596875 0.20390625 0.01875 0.0375
0 0.946875 0.20625 0.01875 0.0375
0 0.8515625 0.20859375 0.0140625 0.0375
0 0.7734375 0.20859375 0.0234375 0.0421875
0 0.5625 0.2109375 0.0234375 0.0328125
0 0.43984375 0.2109375 0.028125 0.05625
0 0.8890625 0.215625 0.01875 0.040625
0 0.58125 0.21953125 0.01875 0.0375
0 0.98125 0.221875 0.01875 0.028125
0 0.6390625 0.2265625 0.01875 0.028125
0 0.1484375 0.22890625 0.0328125 0.075
0 0.678125 0.22890625 0.01875 0.0421875
0 0.346875 0.23359375 0.0234375 0.0421875
0 0.909375 0.23828125 0.0234375 0.0375
0 0.25234375 0.24765625 0.0234375 0.0421875
0 0.76875 0.2546875 0.01875 0.0421875
0 0.87265625 0.26171875 0.028125 0.0515625
0 0.07890625 0.2640625 0.0703125 0.125
0 0.59296875 0.26640625 0.028125 0.05625
0 0.49296875 0.26640625 0.075 0.165625
0 0.61328125 0.26640625 0.028125 0.05625
0 0.42578125 0.26875 0.0328125 0.0546875
0 0.95859375 0.27109375 0.0515625 0.0875
0 0.721875 0.2734375 0.0421875 0.075
0 0.571875 0.278125 0.028125 0.0609375
0 0.36796875 0.28046875 0.046875 0.0546875
0 0.903125 0.28203125 0.0234375 0.046875
0 0.20625 0.29140625 0.046875 0.09375