0 0.81953125 0.340625 0.059375 0.084375
0 0.02109375 0.3703125 0.0421875 0.075
0 0.3171875 0.375 0.028125 0.0421875
0 0.1015625 0.38203125 0.0609375 0.084375
0 0.29609375 0.3890625 0.0234375 0.0421875
0 0.75703125 0.3890625 0.0515625 0.05625
0 0.26640625 0.39609375 0.0234375 0.0375
0 0.5390625 0.3984375 0.01875 0.0234375
0 0.471875 0.40078125 0.0328125 0.0421875
0 0.59921875 0.40078125 0.01875 0.028125
0 0.56484375 0.403125 0.028125 0.03125
0 0.50703125 0.40703125 0.0375 0.046875
0 0.1484375 0.40703125 0.01875 0.028125
0 0.41640625 0.40703125 0.0234375 0.028125
0 0.590625 0.42109375 0.01875 0.046875
0 0.43984375 0.42578125 0.0234375 0.0375
0 0.9328125 0.43984375 0.009375 0.0140625
0 0.97890625 0.44453125 0.0140625 0.0140625
0 0.9234375 0.446875 0.0140625 0.0140625
0 0.696875 0.44921875 0.0796875 0.1109375
0 0.95390625 0.45625 0.0328125 0.046875
0 0.21796875 0.45625 0.075 0.125
0 0.42109375 0.45625 0.0375 0.046875