0 0.71796875 0.40703125 0.0421875 0.0515625
0 0.64140625 0.42578125 0.0359375 0.0515625
0 0.1296875 0.43515625 0.0234375 0.028125
0 0.0625 0.4375 0.0140625 0.01875
0 0.7984375 0.43984375 0.028125 0.0421875
0 0.01875 0.446875 0.01875 0.0234375
0 0.76640625 0.4515625 0.028125 0.0421875
0 0.42578125 0.45390625 0.0140625 0.01875
0 0.07890625 0.45390625 0.009375 0.01875
0 0.38203125 0.45625 0.01875 0.0234375
0 0.115625 0.45859375 0.0234375 0.028125
0 0.0859375 0.46328125 0.009375 0.0140625
0 0.0046875 0.465625 0.009375 0.0328125
0 0.15703125 0.46796875 0.01875 0.0375
0 0.35859375 0.46953125 0.0140625 0.01875
0 0.20390625 0.46953125 0.01875 0.01875
0 0.28046875 0.471875 0.01875 0.0234375
0 0.3515625 0.471875 0.009375 0.0140625
0 0.1390625 0.471875 0.01875 0.0328125
0 0.009375 0.47421875 0.0140625 0.0234375
0 0.22890625 0.47421875 0.01875 0.028125
0 0.26640625 0.47421875 0.009375 0.01875
0 0.4140625 0.4765625 0.0140625 0.0234375
0 0.0671875 0.47890625 0.0234375 0.0328125
0 0.3265625 0.47890625 0.0140625 0.01875
0 0.30546875 0.47890625 0.0140625 0.0140625
0 0.240625 0.48125 0.0140625 0.01875
0 0.0046875 0.48125 0.009375 0.01875
0 0.4421875 0.48359375 0.009375 0.0140625
0 0.2890625 0.48359375 0.01875 0.0234375
0 0.125 0.4859375 0.0140625 0.0328125
0 0.465625 0.4859375 0.01875 0.0234375
0 0.2546875 0.4859375 0.0234375 0.028125
0 0.10625 0.48828125 0.01875 0.028125
0 0.178125 0.48828125 0.009375 0.0234375
0 0.37734375 0.48828125 0.009375 0.01875
0 0.31953125 0.490625 0.01875 0.028125
0 0.4234375 0.490625 0.01875 0.0234375
0 0.21328125 0.49296875 0.0234375 0.028125
0 0.965625 0.4953125 0.01875 0.028125
0 0.35625 0.4953125 0.028125 0.0375
0 0.3984375 0.4953125 0.0234375 0.028125
0 0.43515625 0.4953125 0.01875 0.028125
0 0.28203125 0.5 0.0234375 0.0328125
0 0.45625 0.5 0.01875 0.01875
0 0.98828125 0.5 0.01875 0.01875
0 0.03671875 0.5046875 0.01875 0.0375
0 0.9515625 0.5046875 0.01875 0.028125
0 0.303125 0.50703125 0.0140625 0.028125
0 0.409375 0.509375 0.01875 0.028125
0 0.446875 0.509375 0.0140625 0.01875
0 0.00703125 0.51171875 0.0140625 0.028125
0 0.3703125 0.5140625 0.0140625 0.0234375
0 0.71953125 0.5140625 0.03125 0.0421875
0 0.3265625 0.51640625 0.0140625 0.01875
0 0.26875 0.51875 0.0234375 0.028125
0 0.8609375 0.51875 0.0140625 0.01875
0 0.42578125 0.52109375 0.0140625 0.0234375
0 0.97890625 0.52578125 0.01875 0.0234375
0 0.31953125 0.52578125 0.01875 0.028125
0 0.303125 0.53671875 0.0234375 0.0359375
0 0.84921875 0.54375 0.0140625 0.0234375
0 0.45625 0.5578125 0.0234375 0.028125
0 0.17578125 0.56015625 0.028125 0.0328125
0 0.39140625 0.5625 0.01875 0.01875
0 0.14609375 0.5765625 0.0328125 0.0421875
0 0.85625 0.58125 0.0140625 0.01875
0 0.38671875 0.59296875 0.0234375 0.0359375
0 0.8703125 0.60625 0.0140625 0.0140625
0 0.86328125 0.6203125 0.0140625 0.01875