0 0.13671875 0.1828125 0.0375 0.075
0 0.25234375 0.25 0.05625 0.084375
0 0.38203125 0.31015625 0.0234375 0.0375
0 0.67109375 0.31484375 0.01875 0.0234375
0 0.12265625 0.3171875 0.0234375 0.0515625
0 0.48359375 0.3171875 0.0328125 0.0515625
0 0.39375 0.321875 0.0375 0.0375
0 0.1484375 0.3265625 0.0375 0.0703125
0 0.784375 0.33125 0.028125 0.0375
0 0.01171875 0.33125 0.0234375 0.0515625
0 0.36328125 0.33828125 0.028125 0.0546875
0 0.6828125 0.340625 0.01875 0.0421875
0 0.0578125 0.340625 0.03125 0.065625
0 0.5671875 0.340625 0.028125 0.0421875
0 0.721875 0.34296875 0.028125 0.0515625
0 0.94921875 0.34296875 0.046875 0.075
0 0.846875 0.34453125 0.0375 0.046875
0 0.759375 0.3515625 0.0328125 0.046875
0 0.03046875 0.35390625 0.03125 0.0640625
0 0.59296875 0.35390625 0.03125 0.040625
0 0.3359375 0.35390625 0.0328125 0.0546875
0 0.44453125 0.35390625 0.0375 0.0546875
0 0.4953125 0.35625 0.0375 0.0515625
0 0.41171875 0.35859375 0.03125 0.0515625
0 0.659375 0.3609375 0.0234375 0.0515625
0 0.30546875 0.365625 0.03125 0.0609375
0 0.8265625 0.365625 0.01875 0.03125
0 0.09453125 0.36796875 0.0328125 0.0546875
0 0.80546875 0.3703125 0.028125 0.03125
0 0.553125 0.38203125 0.01875 0.0421875
0 0.58125 0.3890625 0.03125 0.05625
0 0.76875 0.39140625 0.03125 0.0515625
0 0.35859375 0.39140625 0.0421875 0.0703125
0 0.52578125 0.39140625 0.0234375 0.0515625
0 0.8609375 0.39375 0.0375 0.05625
0 0.97421875 0.39609375 0.0375 0.0640625
0 0.6828125 0.3984375 0.03125 0.05625
0 0.3984375 0.40703125 0.0328125 0.065625
0 0.91171875 0.41171875 0.0375 0.0546875
0 0.471875 0.45390625 0.0328125 0.0515625
0 0.3171875 0.47421875 0.0421875 0.0609375
0 0.37265625 0.4765625 0.0375 0.065625
0 0.2640625 0.4765625 0.0375 0.0515625
0 0.50703125 0.48125 0.0421875 0.065625
0 0.10390625 0.48359375 0.0453125 0.065625
0 0.60625 0.490625 0.0421875 0.0703125
0 0.4140625 0.49765625 0.0375 0.0609375
0 0.72890625 0.5046875 0.028125 0.0546875