0 0.515625 0.0390625 0.0375 0.078125
0 0.47421875 0.39375 0.0609375 0.171875
0 0.01875 0.409375 0.0375 0.2
0 0.55546875 0.428125 0.075 0.21875
0 0.85625 0.4421875 0.05625 0.2171875
0 0.246875 0.04375 0.040625 0.0875
0 0.43671875 0.04609375 0.0328125 0.0921875
0 0.37734375 0.446875 0.065625 0.190625
0 0.78203125 0.44921875 0.0421875 0.09375
0 0.259375 0.4765625 0.0515625 0.125
0 0.3515625 0.52109375 0.0375 0.1390625
0 0.9765625 0.5234375 0.046875 0.1953125
0 0.62734375 0.52578125 0.05625 0.1109375
0 0.15703125 0.53203125 0.065625 0.1765625
0 0.47890625 0.05546875 0.028125 0.096875
0 0.07421875 0.625 0.0609375 0.1578125
0 0.3515625 0.06484375 0.046875 0.1296875
0 0.76875 0.63203125 0.075 0.2140625
0 0.60390625 0.06953125 0.046875 0.10625
0 0.215625 0.68515625 0.0640625 0.2453125
0 0.66640625 0.7109375 0.1015625 0.2546875
0 0.971875 0.77109375 0.046875 0.2546875
0 0.846875 0.77578125 0.09375 0.2921875
0 0.82421875 0.07890625 0.0375 0.14375
0 0.509375 0.82421875 0.096875 0.3296875
0 0.3125 0.846875 0.0890625 0.3015625
0 0.6390625 0.865625 0.1015625 0.2640625
0 0.80078125 0.903125 0.0609375 0.18125
0 0.10390625 0.9140625 0.075 0.1625
0 0.02578125 0.91640625 0.0515625 0.1578125
0 0.0578125 0.92109375 0.0421875 0.134375
0 0.78671875 0.09296875 0.046875 0.1390625
0 0.528125 0.115625 0.03125 0.0921875
0 0.90078125 0.115625 0.0421875 0.115625
0 0.66171875 0.12265625 0.0421875 0.14375
0 0.2265625 0.1390625 0.0328125 0.1015625
0 0.10625 0.1390625 0.0515625 0.115625
0 0.25703125 0.14375 0.046875 0.1109375
0 0.303125 0.1484375 0.046875 0.134375
0 0.39609375 0.1921875 0.0515625 0.1859375
0 0.06015625 0.20625 0.0515625 0.125
0 0.4140625 0.02578125 0.0234375 0.0515625
0 0.534375 0.23828125 0.046875 0.125
0 0.803125 0.23828125 0.0375 0.096875
0 0.3171875 0.028125 0.028125 0.05625
0 0.66875 0.028125 0.03125 0.05625
0 0.70625 0.028125 0.028125 0.05625
0 0.42109375 0.28203125 0.0515625 0.18125
0 0.59921875 0.29375 0.0515625 0.1625
0 0.90703125 0.303125 0.0421875 0.165625
0 0.66875 0.3125 0.046875 0.1625
0 0.784375 0.32890625 0.046875 0.134375
0 0.23359375 0.33828125 0.0421875 0.14375
0 0.17578125 0.3515625 0.046875 0.14375
0 0.2984375 0.3515625 0.046875 0.14375
0 0.13203125 0.3609375 0.0609375 0.1390625