0 0.240625 0.240625 0.0046875 0.0046875
0 0.25703125 0.24296875 0.0046875 0.009375
0 0.2890625 0.24296875 0.0046875 0.009375
0 0.53046875 0.24765625 0.0515625 0.075
0 0.2734375 0.24765625 0.0046875 0.0046875
0 0.25 0.2546875 0.009375 0.0140625
0 0.24296875 0.25703125 0.009375 0.009375
0 0.20625 0.259375 0.01875 0.0140625
0 0.08359375 0.26171875 0.0140625 0.0234375
0 0.26640625 0.26171875 0.01875 0.0234375
0 0.32421875 0.26171875 0.009375 0.0140625
0 0.10625 0.2640625 0.009375 0.01875
0 0.14375 0.2640625 0.0140625 0.01875
0 0.16640625 0.26640625 0.028125 0.03125
0 0.284375 0.26875 0.0234375 0.03125
0 0.303125 0.26875 0.01875 0.0375
0 0.21328125 0.27109375 0.0140625 0.0140625
0 0.76171875 0.27109375 0.046875 0.075
0 0.19453125 0.2734375 0.028125 0.0375
0 0.06484375 0.2734375 0.009375 0.0140625
0 0.0390625 0.28046875 0.009375 0.01875
0 0.84453125 0.28203125 0.05625 0.0890625
0 0.01875 0.284375 0.028125 0.0375
0 0.07890625 0.28671875 0.0140625 0.028125
0 0.34296875 0.28671875 0.0375 0.0515625
0 0.25 0.29140625 0.0234375 0.03125
0 0.13671875 0.29609375 0.0140625 0.01875
0 0.59296875 0.29609375 0.0515625 0.084375
0 0.40546875 0.29609375 0.0328125 0.046875
0 0.4859375 0.2984375 0.046875 0.078125
0 0.08359375 0.2984375 0.0140625 0.028125
0 0.10859375 0.3125 0.0375 0.0515625
0 0.04140625 0.3125 0.0140625 0.0234375
0 0.17109375 0.31953125 0.0328125 0.0515625