0 0.715625 0.14375 0.0359375 0.0234375
0 0.8703125 0.14375 0.0328125 0.028125
0 0.7546875 0.14609375 0.0546875 0.040625
0 0.1921875 0.14609375 0.0640625 0.028125
0 0.63203125 0.15078125 0.0515625 0.0375
0 0.82890625 0.15078125 0.046875 0.0328125
0 0.3515625 0.153125 0.0515625 0.0375
0 0.11328125 0.15703125 0.05625 0.0234375
0 0.80078125 0.159375 0.028125 0.028125
0 0.89375 0.159375 0.0375 0.0328125
0 0.51875 0.16171875 0.046875 0.0328125
0 0.97421875 0.16171875 0.0421875 0.0375
0 0.31015625 0.16171875 0.0515625 0.040625
0 0.59453125 0.16171875 0.0359375 0.028125
0 0.47421875 0.1640625 0.046875 0.0328125
0 0.1921875 0.1734375 0.0515625 0.0328125
0 0.56484375 0.1734375 0.0421875 0.0328125
0 0.071875 0.178125 0.0328125 0.0234375
0 0.43515625 0.18046875 0.046875 0.0375
0 0.10859375 0.1828125 0.0546875 0.0328125
0 0.50703125 0.21328125 0.046875 0.028125
0 0.98828125 0.28203125 0.0234375 0.028125
0 0.7640625 0.28203125 0.0515625 0.03125
0 0.64375 0.28671875 0.0515625 0.0375
0 0.553125 0.29375 0.0421875 0.0421875
0 0.45390625 0.29375 0.046875 0.028125
0 0.34296875 0.2984375 0.046875 0.03125
0 0.06484375 0.30078125 0.0453125 0.0375
0 0.16171875 0.31015625 0.05625 0.0375
0 0.84296875 0.3171875 0.046875 0.0375
0 0.73125 0.321875 0.0515625 0.0375
0 0.54375 0.3265625 0.0546875 0.0375
0 0.57890625 0.33125 0.0421875 0.0234375
0 0.39140625 0.33359375 0.0515625 0.0375
0 0.30546875 0.33828125 0.046875 0.0375
0 0.09921875 0.34453125 0.05625 0.0421875
0 0.9765625 0.36328125 0.0421875 0.0375
0 0.50703125 0.3703125 0.0609375 0.0375
0 0.33125 0.37265625 0.0515625 0.0375
0 0.20859375 0.37734375 0.05625 0.0375
0 0.57421875 0.38671875 0.0515625 0.0375
0 0.86796875 0.403125 0.05625 0.0421875
0 0.52109375 0.40546875 0.0515625 0.0375
0 0.7359375 0.40703125 0.065625 0.0421875
0 0.15078125 0.4140625 0.05625 0.0421875
0 0.24296875 0.4234375 0.05625 0.0421875
0 0.446875 0.42578125 0.05625 0.0421875
0 0.5 0.44453125 0.065625 0.0421875
0 0.81484375 0.45625 0.05625 0.0421875
0 0.35859375 0.46328125 0.0515625 0.0421875
0 0.66640625 0.46953125 0.059375 0.0421875
0 0.20625 0.47421875 0.05625 0.0421875
0 0.94453125 0.50234375 0.065625 0.0515625
0 0.78046875 0.50703125 0.065625 0.0421875
0 0.42578125 0.51171875 0.05625 0.0421875
0 0.2453125 0.51875 0.0609375 0.0421875
0 0.13203125 0.528125 0.0640625 0.0421875
0 0.77109375 0.54140625 0.05625 0.0421875
0 0.97421875 0.55546875 0.0515625 0.0515625
0 0.47421875 0.5578125 0.0609375 0.0421875
0 0.3265625 0.56484375 0.0640625 0.0421875
0 0.17109375 0.57421875 0.05625 0.0515625
0 0.06953125 0.57890625 0.0609375 0.046875
0 0.90703125 0.6203125 0.0609375 0.046875
0 0.78046875 0.62265625 0.0546875 0.0421875
0 0.40546875 0.6296875 0.065625 0.0421875
0 0.028125 0.634375 0.05625 0.046875
0 0.26171875 0.634375 0.0515625 0.0421875
0 0.98828125 0.6734375 0.01875 0.0359375
0 0.83359375 0.6828125 0.05625 0.0421875
0 0.73828125 0.6921875 0.05625 0.0421875
0 0.490625 0.696875 0.059375 0.046875
0 0.61796875 0.69921875 0.059375 0.0515625
0 0.1875 0.70390625 0.05625 0.046875
0 0.32890625 0.70625 0.065625 0.059375
0 0.0234375 0.70859375 0.046875 0.05625
0 0.284375 0.75703125 0.0515625 0.0421875
0 0.4328125 0.76171875 0.075 0.0515625
0 0.65703125 0.76875 0.0703125 0.059375
0 0.73359375 0.82421875 0.0515625 0.0421875
0 0.4609375 0.82421875 0.0703125 0.0515625
0 0.15703125 0.82890625 0.06875 0.0515625
0 0.60859375 0.82890625 0.0703125 0.0515625
0 0.7890625 0.83828125 0.05625 0.0421875
0 0.2984375 0.846875 0.075 0.0515625
0 0.03671875 0.84921875 0.0703125 0.046875
0 0.97890625 0.8796875 0.0375 0.046875
0 0.8265625 0.88671875 0.075 0.065625
0 0.0234375 0.89375 0.046875 0.065625
0 0.45390625 0.89375 0.065625 0.0515625
0 0.60859375 0.90546875 0.059375 0.0515625
0 0.1734375 0.91171875 0.0609375 0.0515625
0 0.59453125 0.971875 0.075 0.0515625
0 0.26875 0.9765625 0.084375 0.0421875