0 0.465625 0.03671875 0.05625 0.0703125
0 0.10625 0.346875 0.075 0.10625
0 0.41875 0.35390625 0.0703125 0.1203125
0 0.0234375 0.365625 0.046875 0.0703125
0 0.53046875 0.375 0.065625 0.125
0 0.059375 0.0390625 0.065625 0.078125
0 0.26875 0.40078125 0.078125 0.1390625
0 0.82890625 0.43046875 0.0796875 0.1296875
0 0.2328125 0.04609375 0.059375 0.0921875
0 0.35625 0.4765625 0.0546875 0.1109375
0 0.0234375 0.4859375 0.046875 0.1109375
0 0.409375 0.49765625 0.0609375 0.125
0 0.14375 0.51640625 0.05625 0.1203125
0 0.29375 0.56015625 0.065625 0.1203125
0 0.721875 0.5671875 0.059375 0.1484375
0 0.33359375 0.0625 0.0546875 0.1203125
0 0.9625 0.62421875 0.075 0.1296875
0 0.6640625 0.64609375 0.046875 0.1109375
0 0.659375 0.0671875 0.065625 0.134375
0 0.16875 0.6640625 0.084375 0.1484375
0 0.5625 0.68515625 0.0796875 0.1671875
0 0.821875 0.74765625 0.065625 0.134375
0 0.97421875 0.77109375 0.046875 0.1296875
0 0.490625 0.846875 0.075 0.134375
0 0.75 0.846875 0.065625 0.125
0 0.3171875 0.8515625 0.078125 0.153125
0 0.12265625 0.8515625 0.075 0.134375
0 0.56015625 0.928125 0.075 0.1390625
0 0.96953125 0.096875 0.05625 0.1390625
0 0.93046875 0.93984375 0.084375 0.1109375
0 0.1296875 0.10625 0.0640625 0.10625
0 0.03203125 0.1453125 0.0640625 0.115625
0 0.38203125 0.14609375 0.05625 0.1296875
0 0.81953125 0.17109375 0.0828125 0.134375
0 0.534375 0.178125 0.059375 0.125
0 0.29609375 0.215625 0.075 0.10625
0 0.14609375 0.23359375 0.0609375 0.125
0 0.36328125 0.29375 0.065625 0.1015625
0 0.64375 0.340625 0.078125 0.125