0 0.44921875 0.153125 0.0375 0.075
0 0.91640625 0.15546875 0.0421875 0.096875
0 0.33828125 0.16171875 0.03125 0.05625
0 0.03203125 0.16875 0.0375 0.0640625
0 0.79375 0.1734375 0.0421875 0.0796875
0 0.6921875 0.19453125 0.0359375 0.05625
0 0.653125 0.20390625 0.0421875 0.05625
0 0.259375 0.215625 0.040625 0.0640625
0 0.403125 0.221875 0.065625 0.096875
0 0.5578125 0.221875 0.0515625 0.09375
0 0.16875 0.23828125 0.040625 0.1015625
0 0.34921875 0.2640625 0.0546875 0.0796875
0 0.06015625 0.26875 0.05625 0.1015625
0 0.22890625 0.28046875 0.0609375 0.084375
0 0.740625 0.30078125 0.05625 0.1203125
0 0.971875 0.30078125 0.05625 0.115625
0 0.91640625 0.303125 0.05625 0.10625
0 0.61796875 0.3078125 0.059375 0.1015625
0 0.48359375 0.346875 0.0609375 0.10625
0 0.1015625 0.38203125 0.075 0.1203125
0 0.259375 0.403125 0.0703125 0.1109375
0 0.8171875 0.41171875 0.065625 0.1109375
0 0.40078125 0.42109375 0.0703125 0.1296875
0 0.64140625 0.42109375 0.065625 0.1390625
0 0.48828125 0.48828125 0.084375 0.14375
0 0.0671875 0.5234375 0.084375 0.134375
0 0.24296875 0.5234375 0.0796875 0.14375
0 0.83828125 0.5390625 0.0609375 0.125
0 0.03046875 0.68515625 0.0609375 0.1484375
0 0.74296875 0.68984375 0.0890625 0.1609375
0 0.38203125 0.06953125 0.0375 0.0609375
0 0.9234375 0.696875 0.075 0.1609375
0 0.43515625 0.7109375 0.084375 0.1671875
0 0.1640625 0.71953125 0.084375 0.171875
0 0.7890625 0.08359375 0.0375 0.0796875
0 0.125 0.0859375 0.0375 0.065625
0 0.8609375 0.090625 0.0421875 0.084375
0 0.22421875 0.09453125 0.01875 0.0421875
0 0.284375 0.1015625 0.028125 0.0515625
0 0.1828125 0.11328125 0.046875 0.0703125
0 0.64140625 0.11796875 0.0234375 0.0515625
0 0.10390625 0.13671875 0.028125 0.0421875
0 0.74765625 0.14140625 0.0328125 0.06875