0 0.95859375 0.259375 0.028125 0.09375
0 0.215625 0.30546875 0.0375 0.0890625
0 0.26640625 0.30546875 0.0375 0.10625
0 0.42578125 0.3265625 0.028125 0.09375
0 0.73125 0.33125 0.0359375 0.1015625
0 0.66875 0.3359375 0.03125 0.096875
0 0.88671875 0.3359375 0.028125 0.075
0 0.33359375 0.346875 0.0375 0.096875
0 0.590625 0.346875 0.0359375 0.096875
0 0.17109375 0.34921875 0.040625 0.115625
0 0.47890625 0.36328125 0.0234375 0.0796875
0 0.39375 0.365625 0.0328125 0.1015625
0 0.821875 0.36796875 0.028125 0.078125
0 0.5234375 0.3703125 0.028125 0.075
0 0.784375 0.37265625 0.028125 0.084375
0 0.86796875 0.384375 0.028125 0.084375
0 0.93046875 0.41171875 0.0375 0.0875
0 0.13671875 0.42578125 0.0328125 0.09375
0 0.83828125 0.4421875 0.0328125 0.096875
0 0.740625 0.45625 0.0328125 0.1015625
0 0.22421875 0.46328125 0.0375 0.0828125
0 0.2890625 0.46953125 0.0328125 0.1109375
0 0.62265625 0.471875 0.0328125 0.075
0 0.3515625 0.490625 0.0421875 0.09375
0 0.490625 0.5 0.0328125 0.09375
0 0.95625 0.51640625 0.0328125 0.096875
0 0.903125 0.5484375 0.0328125 0.096875
0 0.0578125 0.5671875 0.0421875 0.115625
0 0.12734375 0.57890625 0.046875 0.1015625
0 0.18515625 0.57890625 0.046875 0.115625
0 0.8171875 0.58125 0.0375 0.10625
0 0.7546875 0.58359375 0.03125 0.0796875
0 0.2359375 0.5859375 0.0375 0.115625
0 0.68984375 0.590625 0.0359375 0.096875
0 0.60390625 0.59453125 0.0328125 0.0890625
0 0.375 0.596875 0.0375 0.1109375
0 0.55546875 0.596875 0.03125 0.0828125
0 0.44453125 0.59921875 0.0328125 0.10625
0 0.30546875 0.6015625 0.03125 0.115625
0 0.49765625 0.60859375 0.0328125 0.0890625