0 0.18046875 0.01171875 0.0140625 0.01875
0 0.21328125 0.01171875 0.0140625 0.0234375
0 0.1875 0.125 0.0234375 0.0234375
0 0.05546875 0.125 0.03125 0.0421875
0 0.1296875 0.12734375 0.0234375 0.0421875
0 0.159375 0.13203125 0.0328125 0.0328125
0 0.34453125 0.0140625 0.0234375 0.028125
0 0.6734375 0.0140625 0.01875 0.028125
0 0.0765625 0.0140625 0.0140625 0.01875
0 0.22421875 0.1390625 0.0328125 0.0234375
0 0.50703125 0.1390625 0.028125 0.0375
0 0.4859375 0.1390625 0.0375 0.0515625
0 0.77109375 0.1390625 0.0328125 0.046875
0 0.6484375 0.14140625 0.0328125 0.0421875
0 0.62734375 0.14375 0.0421875 0.0609375
0 0.53203125 0.1484375 0.028125 0.0375
0 0.35625 0.15078125 0.028125 0.040625
0 0.0140625 0.153125 0.028125 0.0328125
0 0.259375 0.153125 0.0328125 0.0375
0 0.10625 0.153125 0.028125 0.0453125
0 0.38671875 0.15546875 0.0328125 0.0515625
0 0.9609375 0.15546875 0.046875 0.065625
0 0.30078125 0.15546875 0.0328125 0.0515625
0 0.80078125 0.15703125 0.0328125 0.0328125
0 0.740625 0.16171875 0.0328125 0.05625
0 0.69453125 0.16171875 0.0359375 0.0515625
0 0.2734375 0.01640625 0.0140625 0.0234375
0 0.26171875 0.01640625 0.0140625 0.01875
0 0.1734375 0.16875 0.0375 0.040625
0 0.23125 0.17109375 0.0375 0.040625
0 0.928125 0.17109375 0.0421875 0.05625
0 0.13671875 0.1734375 0.0375 0.0609375
0 0.56015625 0.1734375 0.0328125 0.046875
0 0.6296875 0.01875 0.0234375 0.028125
0 0.57890625 0.01875 0.01875 0.028125
0 0.04609375 0.178125 0.0234375 0.0328125
0 0.3265625 0.1828125 0.040625 0.0515625
0 0.4328125 0.18515625 0.0375 0.0609375
0 0.02109375 0.18515625 0.0234375 0.0375
0 0.90078125 0.1875 0.0421875 0.0609375
0 0.59921875 0.1875 0.0359375 0.0609375
0 0.51640625 0.1875 0.03125 0.0515625
0 0.20625 0.1921875 0.0421875 0.05625
0 0.8515625 0.196875 0.0375 0.05625
0 0.71328125 0.196875 0.0421875 0.0515625
0 0.31015625 0.19921875 0.03125 0.0421875
0 0.3796875 0.2015625 0.0421875 0.0515625
0 0.821875 0.20390625 0.0375 0.040625
0 0.471875 0.20390625 0.0328125 0.040625
0 0.11328125 0.2109375 0.0328125 0.0515625
0 0.76640625 0.21328125 0.0421875 0.0609375
0 0.54609375 0.21796875 0.0359375 0.05625
0 0.96328125 0.21953125 0.0421875 0.0640625
0 0.17109375 0.221875 0.0328125 0.0515625
0 0.64140625 0.221875 0.0421875 0.065625
0 0.14609375 0.0234375 0.0140625 0.0234375
0 0.6484375 0.0234375 0.0234375 0.0234375
0 0.03671875 0.22421875 0.01875 0.046875
0 0.49765625 0.2265625 0.0375 0.05625
0 0.34453125 0.22890625 0.028125 0.0421875
0 0.98359375 0.23125 0.0328125 0.075
0 0.06015625 0.23125 0.0328125 0.046875
0 0.0140625 0.2359375 0.028125 0.0515625
0 0.28203125 0.02578125 0.0140625 0.0234375
0 0.45390625 0.23828125 0.046875 0.046875
0 0.090625 0.25 0.046875 0.0703125
0 0.6921875 0.25 0.0421875 0.075
0 0.2984375 0.02578125 0.01875 0.028125
0 0.5 0.02578125 0.0140625 0.01875
0 0.3125 0.25234375 0.0375 0.0515625
0 0.82890625 0.2546875 0.0421875 0.05625
0 0.7359375 0.2546875 0.0359375 0.065625
0 0.24296875 0.028125 0.0140625 0.01875
0 0.571875 0.2640625 0.0421875 0.0703125
0 0.8703125 0.2640625 0.0421875 0.0796875
0 0.375 0.26640625 0.0375 0.05625
0 0.90078125 0.27109375 0.0515625 0.084375
0 0.43984375 0.028125 0.01875 0.01875
0 0.16875 0.28671875 0.040625 0.0703125
0 0.696875 0.028125 0.028125 0.0421875
0 0.22421875 0.2890625 0.0421875 0.046875
0 0.259375 0.29140625 0.040625 0.078125
0 0.60625 0.29375 0.0515625 0.078125
0 0.34921875 0.29609375 0.040625 0.0546875
0 0.8078125 0.30078125 0.046875 0.075
0 0.6109375 0.03203125 0.01875 0.028125
0 0.51640625 0.03203125 0.01875 0.0234375
0 0.54375 0.03203125 0.01875 0.0234375
0 0.09921875 0.31484375 0.046875 0.0515625
0 0.46953125 0.3171875 0.046875 0.084375
0 0.509375 0.32421875 0.046875 0.0609375
0 0.1640625 0.03203125 0.01875 0.028125
0 0.42578125 0.3359375 0.0328125 0.0328125
0 0.259375 0.034375 0.01875 0.01875
0 0.215625 0.346875 0.0453125 0.0609375
0 0.75703125 0.346875 0.0515625 0.0890625
0 0.39375 0.034375 0.01875 0.01875
0 0.70390625 0.034375 0.01875 0.028125
0 0.35625 0.03671875 0.0234375 0.0234375
0 0.3359375 0.03671875 0.0234375 0.0234375
0 0.59296875 0.03671875 0.01875 0.0328125
0 0.7546875 0.03671875 0.0234375 0.0375
0 0.09453125 0.36328125 0.0421875 0.05625
0 0.40078125 0.3703125 0.0703125 0.096875
0 0.35625 0.3703125 0.0515625 0.075
0 0.4609375 0.0390625 0.0140625 0.01875
0 0.5671875 0.0390625 0.028125 0.028125
0 0.22890625 0.04140625 0.0140625 0.01875
0 0.56953125 0.40546875 0.059375 0.075
0 0.1296875 0.40703125 0.0515625 0.075
0 0.490625 0.04140625 0.01875 0.028125
0 0.64375 0.04140625 0.0234375 0.0328125
0 0.3703125 0.04140625 0.01875 0.0234375
0 0.78671875 0.04140625 0.0328125 0.05625
0 0.740625 0.4234375 0.065625 0.084375
0 0.1875 0.04140625 0.01875 0.01875
0 0.471875 0.04140625 0.01875 0.01875
0 0.21328125 0.428125 0.075 0.084375
0 0.0671875 0.04375 0.0140625 0.01875
0 0.0859375 0.04375 0.0140625 0.0234375
0 0.240625 0.04609375 0.0140625 0.01875
0 0.73359375 0.04609375 0.028125 0.0515625
0 0.7734375 0.45625 0.0515625 0.084375
0 0.43515625 0.0484375 0.01875 0.01875
0 0.10390625 0.0484375 0.01875 0.0234375
0 0.6203125 0.4765625 0.0703125 0.084375
0 0.10390625 0.48359375 0.065625 0.09375
0 0.4859375 0.48828125 0.0796875 0.1015625
0 0.91875 0.509375 0.0609375 0.075
0 0.0234375 0.51171875 0.046875 0.0703125
0 0.82421875 0.51171875 0.0796875 0.096875
0 0.3171875 0.05078125 0.01875 0.01875
0 0.2890625 0.05078125 0.01875 0.0234375
0 0.26171875 0.52109375 0.075 0.10625
0 0.41171875 0.55078125 0.0640625 0.065625
0 0.5625 0.05546875 0.01875 0.028125
0 0.71328125 0.05546875 0.028125 0.03125
0 0.0234375 0.56484375 0.046875 0.1109375
0 0.3515625 0.0578125 0.01875 0.01875
0 0.26171875 0.0578125 0.0234375 0.028125
0 0.5046875 0.0578125 0.0234375 0.03125
0 0.2015625 0.06015625 0.01875 0.01875
0 0.30546875 0.06015625 0.01875 0.01875
0 0.6203125 0.06015625 0.0234375 0.046875
0 0.9421875 0.6109375 0.065625 0.115625
0 0.3703125 0.0625 0.01875 0.0234375
0 0.07421875 0.0625 0.0234375 0.0234375
0 0.134375 0.6203125 0.075 0.075
0 0.36796875 0.62734375 0.0890625 0.125
0 0.64140625 0.63203125 0.0828125 0.1296875
0 0.42578125 0.06484375 0.0234375 0.0234375
0 0.40078125 0.06484375 0.0140625 0.0234375
0 0.4140625 0.06484375 0.0234375 0.0234375
0 0.215625 0.06484375 0.0140625 0.01875
0 0.23359375 0.06484375 0.01875 0.0234375
0 0.55078125 0.06484375 0.01875 0.028125
0 0.44921875 0.0671875 0.028125 0.028125
0 0.87734375 0.678125 0.0890625 0.14375
0 0.465625 0.06953125 0.0234375 0.0375
0 0.321875 0.06953125 0.01875 0.028125
0 0.16640625 0.7109375 0.0796875 0.134375
0 0.98359375 0.071875 0.0328125 0.0703125
0 0.6390625 0.071875 0.01875 0.0421875
0 0.18046875 0.071875 0.0234375 0.028125
0 0.58359375 0.071875 0.01875 0.0328125
0 0.68046875 0.07421875 0.028125 0.0328125
0 0.22890625 0.009375 0.01875 0.01875
0 0.2984375 0.0765625 0.0234375 0.0234375
0 0.34921875 0.07890625 0.0234375 0.028125
0 0.3796875 0.07890625 0.0234375 0.028125
0 0.09453125 0.08125 0.0328125 0.03125
0 0.221875 0.08125 0.01875 0.0234375
0 0.4859375 0.0859375 0.028125 0.0421875
0 0.53046875 0.0859375 0.01875 0.0328125
0 0.09453125 0.8609375 0.084375 0.134375
0 0.15546875 0.009375 0.0234375 0.01875
0 0.428125 0.8890625 0.10625 0.134375
0 0.1390625 0.09296875 0.0234375 0.03125
0 0.3609375 0.09296875 0.01875 0.0234375
0 0.28046875 0.09296875 0.0234375 0.03125
0 0.33125 0.09296875 0.0234375 0.028125
0 0.58125 0.09296875 0.01875 0.0234375
0 0.75 0.93046875 0.1296875 0.125
0 0.29140625 0.9375 0.10625 0.1203125
0 0.2546875 0.09453125 0.01875 0.0328125
0 0.51171875 0.09453125 0.0234375 0.0328125
0 0.1640625 0.09453125 0.028125 0.0375
0 0.553125 0.096875 0.028125 0.0375
0 0.18984375 0.096875 0.01875 0.0234375
0 0.428125 0.096875 0.0328125 0.0375
0 0.596875 0.09921875 0.0234375 0.0375
0 0.38671875 0.1015625 0.0234375 0.0328125
0 0.76171875 0.1015625 0.0375 0.0375
0 0.07890625 0.10625 0.028125 0.0421875
0 0.10390625 0.10859375 0.0234375 0.0375
0 0.21796875 0.10859375 0.0234375 0.03125
0 0.63203125 0.10859375 0.03125 0.03125
0 0.2984375 0.10859375 0.03125 0.0375
0 0.446875 0.10859375 0.0328125 0.046875
0 0.27109375 0.115625 0.028125 0.0421875
0 0.365625 0.11796875 0.01875 0.0328125
0 0.20390625 0.11796875 0.01875 0.0328125
0 0.346875 0.11796875 0.0234375 0.0328125
0 0.6875 0.11796875 0.0328125 0.0421875
0 0.23125 0.11796875 0.0234375 0.0375
0 0.71328125 0.1203125 0.028125 0.0421875
0 0.57421875 0.12265625 0.028125 0.0328125
0 0.40703125 0.12265625 0.028125 0.0375
0 0.028125 0.125 0.0375 0.0375