0 0.15546875 0.34921875 0.0140625 0.028125
0 0.3515625 0.35390625 0.01875 0.0234375
0 0.3171875 0.35859375 0.009375 0.01875
0 0.56484375 0.36328125 0.0140625 0.028125
0 0.3515625 0.36328125 0.0140625 0.028125
0 0.61796875 0.37265625 0.028125 0.040625
0 0.590625 0.375 0.01875 0.0375
0 0.4328125 0.3796875 0.0140625 0.01875
0 0.54609375 0.38203125 0.01875 0.0234375
0 0.21953125 0.384375 0.0234375 0.028125
0 0.6484375 0.384375 0.01875 0.03125
0 0.4140625 0.38671875 0.0140625 0.01875
0 0.28203125 0.39375 0.028125 0.0375
0 0.95625 0.39375 0.0140625 0.028125
0 0.97890625 0.40078125 0.01875 0.0375
0 0.75234375 0.403125 0.0234375 0.0375
0 0.7984375 0.40703125 0.028125 0.0375
0 0.5 0.409375 0.0375 0.05625
0 0.66875 0.409375 0.028125 0.0421875
0 0.4515625 0.41640625 0.0328125 0.0421875
0 0.5484375 0.42109375 0.028125 0.0375
0 0.9375 0.4234375 0.0234375 0.046875
0 0.721875 0.42578125 0.0359375 0.0515625
0 0.403125 0.42578125 0.0234375 0.0375
0 0.11328125 0.428125 0.0234375 0.0375
0 0.08125 0.428125 0.03125 0.0421875
0 0.33828125 0.43046875 0.028125 0.0421875
0 0.14140625 0.4328125 0.0328125 0.0515625
0 0.03671875 0.43515625 0.046875 0.075
0 0.6296875 0.43984375 0.0234375 0.0421875
0 0.21328125 0.44453125 0.028125 0.0515625
0 0.59296875 0.44453125 0.03125 0.0515625
0 0.40078125 0.446875 0.0234375 0.0328125
0 0.18984375 0.446875 0.0328125 0.0421875
0 0.8125 0.45625 0.028125 0.0375
0 0.8515625 0.46328125 0.0234375 0.0421875
0 0.4515625 0.465625 0.0234375 0.0421875
0 0.07890625 0.46953125 0.028125 0.0515625
0 0.9234375 0.46953125 0.0328125 0.05625
0 0.10390625 0.47421875 0.0421875 0.05625
0 0.97890625 0.4765625 0.028125 0.046875
0 0.55078125 0.47890625 0.05625 0.075
0 0.3984375 0.48125 0.0375 0.0609375
0 0.678125 0.48359375 0.0328125 0.0515625
0 0.596875 0.48828125 0.028125 0.0421875
0 0.14140625 0.490625 0.0421875 0.059375
0 0.22890625 0.4953125 0.0328125 0.046875
0 0.70390625 0.4953125 0.0359375 0.046875
0 0.04140625 0.49765625 0.0421875 0.0515625
0 0.65078125 0.5 0.028125 0.0421875
0 0.47421875 0.5 0.0375 0.0515625
0 0.3265625 0.50234375 0.046875 0.075
0 0.259375 0.5046875 0.0375 0.0609375
0 0.18984375 0.5046875 0.040625 0.046875
0 0.85859375 0.509375 0.0375 0.065625
0 0.7640625 0.51640625 0.0421875 0.065625
0 0.1296875 0.528125 0.0421875 0.0703125
0 0.28671875 0.53203125 0.046875 0.075
0 0.70859375 0.53671875 0.0421875 0.065625
0 0.0390625 0.5390625 0.0421875 0.0609375
0 0.6296875 0.54140625 0.0421875 0.065625
0 0.17578125 0.54375 0.046875 0.0703125
0 0.66171875 0.54375 0.0359375 0.0515625
0 0.09453125 0.55078125 0.0421875 0.0515625
0 0.44921875 0.553125 0.05625 0.075
0 0.34453125 0.56484375 0.0375 0.065625
0 0.81953125 0.56953125 0.046875 0.078125
0 0.91640625 0.571875 0.0421875 0.065625
0 0.5484375 0.57421875 0.0421875 0.065625
0 0.0765625 0.57890625 0.0421875 0.0515625
0 0.375 0.58125 0.0609375 0.09375
0 0.971875 0.58359375 0.0515625 0.0796875
0 0.259375 0.5859375 0.05625 0.096875
0 0.7984375 0.5859375 0.0421875 0.0703125
0 0.48125 0.590625 0.0515625 0.075
0 0.21953125 0.59453125 0.0453125 0.075
0 0.134375 0.59453125 0.040625 0.075
0 0.56953125 0.60625 0.0515625 0.0890625
0 0.17109375 0.62265625 0.0609375 0.075
0 0.43984375 0.625 0.046875 0.075
0 0.6875 0.62734375 0.065625 0.10625
0 0.85859375 0.634375 0.084375 0.14375
0 0.51875 0.63671875 0.065625 0.1015625
0 0.06015625 0.64375 0.05625 0.065625
0 0.01640625 0.64609375 0.0328125 0.0796875
0 0.321875 0.65078125 0.0640625 0.0890625
0 0.93515625 0.6875 0.0609375 0.1015625
0 0.625 0.68984375 0.0796875 0.134375
0 0.115625 0.69453125 0.06875 0.096875
0 0.45625 0.721875 0.0609375 0.10625
0 0.22421875 0.77578125 0.0609375 0.1484375
0 0.2640625 0.778125 0.0796875 0.1203125
0 0.3703125 0.778125 0.1109375 0.14375
0 0.03671875 0.78359375 0.0734375 0.1203125
0 0.8703125 0.80078125 0.096875 0.096875
0 0.97890625 0.84453125 0.0421875 0.14375
0 0.84921875 0.865625 0.084375 0.134375
0 0.70390625 0.8796875 0.096875 0.1671875
0 0.5859375 0.88203125 0.096875 0.14375
0 0.06015625 0.903125 0.096875 0.1578125
0 0.90546875 0.93515625 0.096875 0.1203125