0 0.534375 0.1875 0.03125 0.0328125
0 0.00703125 0.21796875 0.0140625 0.0890625
0 0.03671875 0.21953125 0.0515625 0.084375
0 0.60859375 0.21953125 0.0359375 0.0515625
0 0.59296875 0.22890625 0.0515625 0.05625
0 0.803125 0.22890625 0.0375 0.0328125
0 0.090625 0.2359375 0.0515625 0.075
0 0.96953125 0.23828125 0.0515625 0.125
0 0.534375 0.24296875 0.0421875 0.065625
0 0.403125 0.24296875 0.03125 0.0421875
0 0.26875 0.2453125 0.0375 0.0515625
0 0.65546875 0.2453125 0.0421875 0.0515625
0 0.44921875 0.25 0.0421875 0.05625
0 0.21796875 0.2546875 0.05625 0.0796875
0 0.16875 0.2546875 0.040625 0.075
0 0.80078125 0.25703125 0.0328125 0.0609375
0 0.49296875 0.25703125 0.028125 0.046875
0 0.92578125 0.26171875 0.05625 0.10625
0 0.7546875 0.26171875 0.046875 0.065625
0 0.6875 0.26171875 0.028125 0.0328125
0 0.42578125 0.26171875 0.0234375 0.046875
0 0.125 0.2640625 0.0515625 0.0703125
0 0.3703125 0.2640625 0.046875 0.046875
0 0.884375 0.27109375 0.0375 0.0703125
0 0.7109375 0.2734375 0.0375 0.0609375
0 0.778125 0.27578125 0.0359375 0.05625
0 0.3359375 0.28046875 0.0609375 0.084375
0 0.84296875 0.28203125 0.0609375 0.0890625
0 0.0578125 0.2890625 0.0703125 0.0796875
0 0.23828125 0.2890625 0.0515625 0.075
0 0.303125 0.29609375 0.040625 0.065625
0 0.66171875 0.30078125 0.0421875 0.0515625
0 0.26875 0.303125 0.0375 0.0515625
0 0.471875 0.30546875 0.046875 0.0546875
0 0.38671875 0.31015625 0.0421875 0.075
0 0.43515625 0.31953125 0.05625 0.0703125
0 0.75703125 0.34296875 0.059375 0.0890625
0 0.48125 0.34453125 0.0421875 0.0609375
0 0.51640625 0.38671875 0.0609375 0.0703125
0 0.23828125 0.409375 0.0609375 0.0703125
0 0.2984375 0.42109375 0.0609375 0.09375
0 0.73125 0.43984375 0.0546875 0.075
0 0.49765625 0.528125 0.0609375 0.075