0 0.32421875 0.50703125 0.01875 0.0421875
0 0.6484375 0.51875 0.009375 0.0140625
0 0.79140625 0.52109375 0.009375 0.0234375
0 0.68515625 0.5234375 0.009375 0.01875
0 0.0234375 0.52578125 0.01875 0.046875
0 0.65703125 0.52578125 0.009375 0.01875
0 0.528125 0.53046875 0.009375 0.01875
0 0.3609375 0.53203125 0.009375 0.01875
0 0.24296875 0.534375 0.01875 0.03125
0 0.2984375 0.53671875 0.0140625 0.0359375
0 0.1921875 0.53671875 0.0140625 0.0421875
0 0.54375 0.5390625 0.0046875 0.01875
0 0.66875 0.5390625 0.01875 0.0328125
0 0.57890625 0.54140625 0.009375 0.0234375
0 0.5 0.54140625 0.009375 0.01875
0 0.8984375 0.54375 0.009375 0.028125
0 0.4859375 0.54375 0.009375 0.01875
0 0.846875 0.54375 0.01875 0.0359375
0 0.28203125 0.54375 0.0140625 0.028125
0 0.4375 0.54375 0.0140625 0.0359375
0 0.375 0.54375 0.009375 0.01875
0 0.96796875 0.54609375 0.009375 0.028125
0 0.3890625 0.54609375 0.0140625 0.0359375
0 0.6109375 0.54609375 0.0140625 0.028125
0 0.153125 0.54609375 0.01875 0.03125
0 0.27109375 0.54609375 0.009375 0.028125
0 0.35625 0.5484375 0.009375 0.028125
0 0.41640625 0.5484375 0.0140625 0.0328125
0 0.17109375 0.5484375 0.01875 0.0421875
0 0.4765625 0.55078125 0.0140625 0.0234375
0 0.528125 0.55078125 0.009375 0.01875
0 0.26171875 0.55078125 0.0140625 0.0328125
0 0.446875 0.55078125 0.009375 0.0234375
0 0.33359375 0.553125 0.0140625 0.028125
0 0.5140625 0.553125 0.009375 0.01875
0 0.8609375 0.553125 0.0140625 0.028125
0 0.54375 0.553125 0.0140625 0.01875
0 0.59921875 0.553125 0.009375 0.01875
0 0.95390625 0.55546875 0.01875 0.03125
0 0.2109375 0.55546875 0.028125 0.046875
0 0.490625 0.55546875 0.0140625 0.0234375
0 0.72421875 0.55546875 0.0140625 0.0234375
0 0.92109375 0.5578125 0.009375 0.028125
0 0.58359375 0.5578125 0.009375 0.01875
0 0.69921875 0.5578125 0.0140625 0.01875
0 0.34921875 0.5578125 0.0140625 0.028125
0 0.403125 0.56015625 0.009375 0.01875
0 0.90703125 0.56015625 0.01875 0.0328125
0 0.23828125 0.56484375 0.01875 0.0359375
0 0.8796875 0.56484375 0.01875 0.0328125
0 0.053125 0.56953125 0.028125 0.0421875
0 0.53046875 0.57421875 0.0140625 0.01875
0 0.778125 0.57421875 0.0140625 0.01875
0 0.096875 0.57421875 0.028125 0.05625
0 0.7359375 0.5765625 0.009375 0.01875
0 0.74296875 0.5765625 0.009375 0.01875
0 0.4765625 0.5859375 0.0140625 0.028125
0 0.77109375 0.5859375 0.0140625 0.0234375
0 0.75234375 0.59921875 0.0140625 0.028125
0 0.7359375 0.59921875 0.0140625 0.0234375
0 0.571875 0.59921875 0.0140625 0.028125
0 0.1484375 0.6015625 0.0328125 0.0609375
0 0.66875 0.61328125 0.01875 0.0375
0 0.58125 0.6203125 0.01875 0.0421875
0 0.4953125 0.6296875 0.01875 0.0421875