0 0.84921875 0.5765625 0.0375 0.046875
0 0.20390625 0.6203125 0.040625 0.0546875
0 0.534375 0.625 0.0421875 0.065625
0 0.81953125 0.625 0.0375 0.05625
0 0.6734375 0.62734375 0.0359375 0.05625
0 0.40703125 0.634375 0.0515625 0.05625
0 0.44453125 0.63671875 0.028125 0.0375
0 0.1875 0.63671875 0.028125 0.046875
0 0.1390625 0.6390625 0.046875 0.0703125
0 0.0859375 0.6390625 0.0140625 0.0234375
0 0.23359375 0.64375 0.01875 0.03125
0 0.38203125 0.64375 0.028125 0.0421875
0 0.31953125 0.64609375 0.0140625 0.01875
0 0.08125 0.6484375 0.01875 0.0328125
0 0.009375 0.6484375 0.01875 0.0375
0 0.98359375 0.65078125 0.0328125 0.0890625
0 0.028125 0.65546875 0.028125 0.03125
0 0.10625 0.65703125 0.0234375 0.03125
0 0.73125 0.659375 0.059375 0.09375
0 0.346875 0.66171875 0.0375 0.0515625
0 0.64609375 0.6734375 0.0421875 0.065625
0 0.5 0.68046875 0.0515625 0.078125