0 0.3359375 0.64375 0.05625 0.0828125
0 0.76640625 0.77109375 0.084375 0.10625
0 0.5671875 0.77578125 0.065625 0.09375
0 0.25234375 0.78046875 0.05625 0.09375
0 0.08125 0.78203125 0.0609375 0.09375
0 0.95625 0.784375 0.075 0.10625
0 0.41171875 0.7984375 0.0515625 0.0828125
0 0.759375 0.10625 0.046875 0.0703125
0 0.96328125 0.1109375 0.0515625 0.0609375
0 0.85390625 0.11328125 0.0515625 0.075
0 0.6734375 0.11328125 0.0421875 0.075
0 0.0234375 0.115625 0.046875 0.06875
0 0.56484375 0.12265625 0.046875 0.065625
0 0.45859375 0.1296875 0.0421875 0.05625
0 0.38203125 0.134375 0.0421875 0.0703125
0 0.2453125 0.134375 0.0515625 0.075
0 0.1390625 0.13671875 0.046875 0.0609375
0 0.96328125 0.178125 0.046875 0.0703125
0 0.05078125 0.18515625 0.046875 0.0609375
0 0.6640625 0.1875 0.0421875 0.065625
0 0.471875 0.1875 0.0421875 0.0703125
0 0.27578125 0.1921875 0.046875 0.06875
0 0.15703125 0.196875 0.05625 0.075
0 0.37734375 0.20390625 0.0515625 0.06875
0 0.79375 0.20625 0.05625 0.084375
0 0.87265625 0.20625 0.0515625 0.065625
0 0.54609375 0.20859375 0.0359375 0.0703125
0 0.2109375 0.26640625 0.0515625 0.075
0 0.071875 0.26875 0.0515625 0.075
0 0.67578125 0.27109375 0.05625 0.0796875
0 0.3265625 0.28046875 0.0515625 0.078125
0 0.9328125 0.284375 0.05625 0.075
0 0.42578125 0.29375 0.046875 0.075
0 0.54140625 0.30078125 0.0515625 0.065625
0 0.82890625 0.30078125 0.0515625 0.065625
0 0.696875 0.35625 0.0515625 0.075
0 0.1828125 0.35859375 0.05625 0.0890625
0 0.56484375 0.3609375 0.0421875 0.0703125
0 0.04375 0.3609375 0.0546875 0.0875
0 0.31484375 0.36328125 0.046875 0.084375
0 0.8359375 0.375 0.0515625 0.075
0 0.971875 0.3890625 0.0515625 0.075
0 0.43984375 0.39140625 0.046875 0.0703125
0 0.54375 0.44453125 0.059375 0.075
0 0.2546875 0.46328125 0.0609375 0.0796875
0 0.85390625 0.46953125 0.0703125 0.0890625
0 0.70390625 0.48125 0.059375 0.0890625
0 0.09921875 0.48359375 0.05625 0.0890625
0 0.38671875 0.4953125 0.05625 0.065625
0 0.97421875 0.5046875 0.0515625 0.078125
0 0.9375 0.590625 0.0796875 0.0890625
0 0.7890625 0.59296875 0.075 0.10625
0 0.22890625 0.596875 0.05625 0.0828125
0 0.62734375 0.60859375 0.05625 0.1015625
0 0.471875 0.60859375 0.065625 0.09375
0 0.0390625 0.625 0.0609375 0.09375