0 0.29375 0.178125 0.0515625 0.0375
0 0.01640625 0.1875 0.0328125 0.0421875
0 0.15078125 0.215625 0.0703125 0.0453125
0 0.8265625 0.23359375 0.0328125 0.01875
0 0.98359375 0.23828125 0.0328125 0.0328125
0 0.365625 0.240625 0.046875 0.0375
0 0.52578125 0.24296875 0.059375 0.0421875
0 0.76171875 0.25234375 0.0375 0.028125
0 0.71328125 0.2546875 0.059375 0.0328125
0 0.80546875 0.26640625 0.046875 0.0375
0 0.625 0.2890625 0.0515625 0.0375
0 0.54375 0.2890625 0.0515625 0.0375
0 0.46953125 0.29609375 0.0375 0.03125
0 0.12265625 0.29609375 0.0375 0.028125
0 0.446875 0.30078125 0.046875 0.0375
0 0.409375 0.30546875 0.0609375 0.0375
0 0.15703125 0.3078125 0.065625 0.03125
0 0.33125 0.3171875 0.0546875 0.0375
0 0.25703125 0.321875 0.0421875 0.028125
0 0.84453125 0.32421875 0.0421875 0.028125
0 0.784375 0.33359375 0.046875 0.028125
0 0.52578125 0.3359375 0.0515625 0.01875
0 0.403125 0.33828125 0.0421875 0.028125
0 0.67578125 0.34296875 0.0515625 0.03125
0 0.2734375 0.34453125 0.046875 0.03125
0 0.46796875 0.346875 0.0375 0.0234375
0 0.87734375 0.346875 0.065625 0.0421875
0 0.73125 0.35390625 0.065625 0.040625
0 0.1734375 0.35625 0.0609375 0.028125
0 0.3265625 0.36328125 0.0546875 0.0375
0 0.59921875 0.365625 0.0515625 0.040625
0 0.53671875 0.365625 0.0703125 0.0234375
0 0.84453125 0.36796875 0.046875 0.0375
0 0.43515625 0.37734375 0.0609375 0.0375
0 0.1296875 0.37734375 0.0328125 0.0234375
0 0.89609375 0.3796875 0.065625 0.0375
0 0.48125 0.38203125 0.046875 0.03125
0 0.034375 0.3890625 0.028125 0.0140625
0 0.68515625 0.39140625 0.05625 0.0375
0 0.2546875 0.39140625 0.05625 0.03125
0 0.52109375 0.39375 0.0515625 0.0421875
0 0.07421875 0.39609375 0.0421875 0.0234375
0 0.1734375 0.3984375 0.0515625 0.0234375
0 0.09921875 0.40703125 0.0515625 0.0234375
0 0.73828125 0.409375 0.0609375 0.0421875
0 0.41171875 0.4140625 0.0546875 0.0328125
0 0.34296875 0.41640625 0.078125 0.046875
0 0.59921875 0.41640625 0.065625 0.046875
0 0.14140625 0.41640625 0.05625 0.028125
0 0.24296875 0.41875 0.0515625 0.028125
0 0.90078125 0.42109375 0.0609375 0.046875
0 0.034375 0.4234375 0.0609375 0.0421875
0 0.4859375 0.43046875 0.05625 0.0375
0 0.19453125 0.4328125 0.0703125 0.0515625
0 0.2984375 0.446875 0.075 0.0375
0 0.09296875 0.45625 0.0609375 0.046875
0 0.240625 0.46953125 0.0609375 0.0328125
0 0.409375 0.47890625 0.09375 0.059375
0 0.1828125 0.48828125 0.0890625 0.0421875
0 0.7109375 0.49765625 0.096875 0.0515625
0 0.2984375 0.50234375 0.075 0.0515625
0 0.04609375 0.509375 0.075 0.0515625
0 0.56953125 0.51640625 0.115625 0.0703125
0 0.14609375 0.5234375 0.0796875 0.0421875
0 0.6921875 0.54375 0.0890625 0.0421875
0 0.9671875 0.54765625 0.065625 0.0640625
0 0.87734375 0.56015625 0.0703125 0.0421875
0 0.81015625 0.56015625 0.09375 0.065625
0 0.28203125 0.56484375 0.1015625 0.0703125
0 0.16640625 0.56484375 0.084375 0.0515625
0 0.7109375 0.5859375 0.09375 0.046875
0 0.1296875 0.62265625 0.0921875 0.0421875
0 0.72421875 0.63203125 0.096875 0.065625
0 0.125 0.68515625 0.1203125 0.075
0 0.303125 0.68515625 0.125 0.075
0 0.77109375 0.73125 0.1203125 0.096875
0 0.0484375 0.803125 0.096875 0.10625
0 0.35859375 0.81484375 0.1578125 0.1015625