0 0.8171875 0.178125 0.0703125 0.0828125
0 0.55546875 0.1875 0.0515625 0.084375
0 0.40703125 0.20625 0.0515625 0.075
0 0.20859375 0.23125 0.05625 0.09375
0 0.9515625 0.2359375 0.0515625 0.0890625
0 0.159375 0.25 0.0453125 0.0890625
0 0.29375 0.2734375 0.075 0.1203125
0 0.37265625 0.27578125 0.0546875 0.075
0 0.74296875 0.03046875 0.046875 0.0609375
0 0.028125 0.30078125 0.05625 0.125
0 0.65546875 0.3078125 0.0890625 0.1390625
0 0.54296875 0.03203125 0.0609375 0.0640625
0 0.86796875 0.33125 0.0703125 0.115625
0 0.4953125 0.346875 0.065625 0.09375
0 0.28203125 0.38203125 0.0796875 0.14375
0 0.759375 0.3890625 0.0890625 0.125
0 0.10859375 0.39375 0.0703125 0.115625
0 0.3796875 0.39609375 0.09375 0.1203125
0 0.12734375 0.04140625 0.05625 0.0703125
0 0.24296875 0.04140625 0.0328125 0.05625
0 0.57421875 0.47421875 0.1109375 0.15625
0 0.034375 0.478125 0.06875 0.115625
0 0.9625 0.50625 0.075 0.1625
0 0.26171875 0.596875 0.0796875 0.1484375
0 0.04609375 0.65859375 0.0921875 0.1609375
0 0.715625 0.67109375 0.1109375 0.1484375
0 0.29375 0.0765625 0.0515625 0.0890625
0 0.03671875 0.0765625 0.0703125 0.1015625
0 0.91875 0.75234375 0.10625 0.14375
0 0.8359375 0.08125 0.05625 0.075
0 0.9140625 0.08359375 0.0515625 0.0890625
0 0.79375 0.0859375 0.0515625 0.0796875
0 0.52578125 0.1109375 0.0421875 0.0796875
0 0.1734375 0.125 0.0609375 0.0890625
0 0.68984375 0.1390625 0.0515625 0.075
0 0.884375 0.1484375 0.05625 0.09375
0 0.28203125 0.15703125 0.065625 0.1015625
0 0.028125 0.17109375 0.05625 0.134375
0 0.07890625 0.17109375 0.05625 0.09375
0 0.471875 0.1734375 0.0515625 0.09375