0 0.5140625 0.2359375 0.0359375 0.0609375
0 0.14140625 0.24765625 0.0328125 0.065625
0 0.42578125 0.24765625 0.0515625 0.0703125
0 0.721875 0.25 0.065625 0.09375
0 0.6875 0.02578125 0.0375 0.0515625
0 0.91640625 0.02578125 0.0328125 0.0515625
0 0.31015625 0.2546875 0.0640625 0.084375
0 0.23828125 0.259375 0.0421875 0.0640625
0 0.86328125 0.26171875 0.05625 0.075
0 0.5484375 0.29609375 0.065625 0.09375
0 0.06953125 0.29609375 0.0515625 0.078125
0 0.96796875 0.03046875 0.0421875 0.0515625
0 0.38671875 0.30546875 0.05625 0.0890625
0 0.8515625 0.034375 0.0328125 0.0609375
0 0.75703125 0.35625 0.0515625 0.078125
0 0.6109375 0.0390625 0.0359375 0.0421875
0 0.48828125 0.41171875 0.0609375 0.078125
0 0.55546875 0.46796875 0.075 0.1109375
0 0.17578125 0.49296875 0.05625 0.0890625
0 0.65078125 0.05078125 0.0359375 0.046875
0 0.759375 0.05078125 0.0359375 0.065625
0 0.68046875 0.52109375 0.0703125 0.1296875
0 0.5 0.5234375 0.075 0.1109375
0 0.0671875 0.53046875 0.0609375 0.096875
0 0.1921875 0.5671875 0.075 0.1109375
0 0.5671875 0.071875 0.0359375 0.05625
0 0.03046875 0.696875 0.0609375 0.1390625
0 0.80078125 0.07421875 0.028125 0.0515625
0 0.759375 0.79375 0.0890625 0.1390625
0 0.615625 0.903125 0.0890625 0.1625
0 0.178125 0.09296875 0.01875 0.0234375
0 0.278125 0.10625 0.0375 0.0328125
0 0.09296875 0.10625 0.03125 0.0515625
0 0.54140625 0.1109375 0.0421875 0.0609375
0 0.965625 0.11328125 0.046875 0.065625
0 0.3265625 0.1203125 0.03125 0.046875
0 0.409375 0.125 0.0421875 0.05625
0 0.90078125 0.125 0.0328125 0.05625
0 0.84453125 0.1296875 0.0421875 0.0640625
0 0.7015625 0.134375 0.0328125 0.0609375
0 0.7640625 0.13671875 0.046875 0.0515625
0 0.67578125 0.1390625 0.0234375 0.065625
0 0.8890625 0.01640625 0.0328125 0.0328125
0 0.18515625 0.16171875 0.0515625 0.075
0 0.27578125 0.16171875 0.040625 0.0609375
0 0.56015625 0.1640625 0.0515625 0.0703125
0 0.303125 0.16875 0.0234375 0.05625
0 0.43046875 0.17109375 0.046875 0.0703125
0 0.096875 0.18046875 0.0375 0.05625
0 0.803125 0.02109375 0.0421875 0.0421875
0 0.46953125 0.1921875 0.028125 0.05625
0 0.490625 0.20390625 0.0328125 0.040625
0 0.61328125 0.20625 0.0515625 0.065625
0 0.071875 0.2109375 0.0453125 0.075
0 0.86796875 0.21328125 0.0375 0.05625
0 0.81953125 0.215625 0.046875 0.05625
0 0.68046875 0.215625 0.0359375 0.0703125