0 0.7546875 0.11328125 0.0828125 0.1109375
0 0.33359375 0.13671875 0.0875 0.115625
0 0.553125 0.153125 0.075 0.1015625
0 0.409375 0.196875 0.084375 0.096875
0 0.7265625 0.21796875 0.09375 0.096875
0 0.21328125 0.26875 0.0609375 0.084375
0 0.54140625 0.278125 0.0796875 0.115625
0 0.96328125 0.28671875 0.065625 0.10625
0 0.06953125 0.30078125 0.096875 0.153125
0 0.8953125 0.03203125 0.05 0.0640625
0 0.36796875 0.3125 0.075 0.10625
0 0.72890625 0.3265625 0.0828125 0.1109375
0 0.19609375 0.034375 0.0546875 0.06875
0 0.45625 0.34453125 0.084375 0.125
0 0.54140625 0.375 0.09375 0.0890625
0 0.85390625 0.39140625 0.075 0.1484375
0 0.0203125 0.04375 0.040625 0.0875
0 0.55546875 0.4765625 0.078125 0.125
0 0.490625 0.0484375 0.0515625 0.084375
0 0.18515625 0.553125 0.0890625 0.134375
0 0.259375 0.571875 0.075 0.0828125
0 0.76640625 0.58828125 0.096875 0.14375
0 0.02109375 0.59453125 0.0421875 0.10625
0 0.44453125 0.0625 0.05625 0.0890625
0 0.196875 0.6875 0.0703125 0.115625
0 0.87734375 0.07421875 0.0328125 0.0421875