0 0.13671875 0.01171875 0.0234375 0.0234375
0 0.25234375 0.115625 0.028125 0.0328125
0 0.21796875 0.1203125 0.0375 0.0546875
0 0.14140625 0.134375 0.0328125 0.040625
0 0.28671875 0.13671875 0.03125 0.0515625
0 0.32890625 0.14375 0.0234375 0.0515625
0 0.8265625 0.14375 0.0421875 0.075
0 0.9328125 0.14375 0.028125 0.0375
0 0.7734375 0.14609375 0.0421875 0.065625
0 0.41875 0.15078125 0.0234375 0.046875
0 0.46328125 0.15078125 0.028125 0.0515625
0 0.39140625 0.153125 0.0234375 0.0453125
0 0.159375 0.15546875 0.040625 0.0609375
0 0.31015625 0.01640625 0.0234375 0.0328125
0 0.25703125 0.15703125 0.0421875 0.0609375
0 0.375 0.159375 0.028125 0.0453125
0 0.86328125 0.16171875 0.028125 0.0328125
0 0.73359375 0.16875 0.046875 0.0640625
0 0.5578125 0.17109375 0.028125 0.0328125
0 0.50234375 0.1734375 0.028125 0.040625
0 0.53671875 0.17578125 0.0234375 0.028125
0 0.20859375 0.178125 0.0375 0.0609375
0 0.61328125 0.178125 0.0375 0.0515625
0 0.58125 0.18046875 0.028125 0.0375
0 0.10625 0.18515625 0.0421875 0.0421875
0 0.16875 0.18515625 0.0328125 0.046875
0 0.64375 0.1921875 0.0421875 0.0515625
0 0.490625 0.1921875 0.0234375 0.0375
0 0.9765625 0.19453125 0.0234375 0.046875
0 0.028125 0.19453125 0.0375 0.0609375
0 0.53203125 0.2015625 0.028125 0.046875
0 0.321875 0.20859375 0.03125 0.046875
0 0.2640625 0.02109375 0.0328125 0.0421875
0 0.3796875 0.2109375 0.0375 0.0515625
0 0.41875 0.21328125 0.0375 0.05625
0 0.596875 0.215625 0.028125 0.040625
0 0.571875 0.21953125 0.028125 0.040625
0 0.51171875 0.22421875 0.0328125 0.0375
0 0.08125 0.22421875 0.046875 0.0609375
0 0.678125 0.2359375 0.046875 0.0703125
0 0.1828125 0.2453125 0.0375 0.046875
0 0.4421875 0.25 0.0234375 0.046875
0 0.51875 0.25703125 0.028125 0.0375
0 0.58359375 0.25703125 0.0234375 0.0421875
0 0.3984375 0.259375 0.0375 0.0640625
0 0.365625 0.259375 0.03125 0.0515625
0 0.5578125 0.259375 0.0359375 0.040625
0 0.47890625 0.28046875 0.0234375 0.0421875
0 0.534375 0.28203125 0.01875 0.0515625
0 0.125 0.28203125 0.0328125 0.046875
0 0.509375 0.28671875 0.028125 0.040625
0 0.91875 0.29609375 0.14375 0.23125
0 0.16640625 0.303125 0.040625 0.0703125
0 0.5671875 0.31015625 0.0359375 0.0515625
0 0.4375 0.3125 0.0328125 0.065625
0 0.35390625 0.3125 0.028125 0.05625
0 0.09296875 0.3171875 0.0609375 0.075
0 0.384375 0.32421875 0.0375 0.0515625
0 0.5140625 0.3515625 0.0359375 0.05625
0 0.27578125 0.35390625 0.0515625 0.078125
0 0.5765625 0.3890625 0.065625 0.09375
0 0.42578125 0.0484375 0.0328125 0.0515625
0 0.3984375 0.05546875 0.0328125 0.0421875
0 0.48828125 0.0625 0.0328125 0.0421875
0 0.2734375 0.06484375 0.0328125 0.0453125
0 0.365625 0.0671875 0.03125 0.0421875
0 0.50703125 0.071875 0.0234375 0.0421875
0 0.53203125 0.08359375 0.028125 0.046875
0 0.553125 0.090625 0.0234375 0.0421875
0 0.1015625 0.09921875 0.0328125 0.0515625