0 0.1640625 0.31953125 0.05625 0.084375
0 0.28671875 0.321875 0.0609375 0.096875
0 0.5140625 0.33359375 0.028125 0.0546875
0 0.01640625 0.34921875 0.0328125 0.0875
0 0.5484375 0.3515625 0.065625 0.10625
0 0.4375 0.35625 0.0703125 0.096875
0 0.34453125 0.35625 0.0375 0.0546875
0 0.1296875 0.3609375 0.0375 0.0703125
0 0.3890625 0.3609375 0.0421875 0.0703125
0 0.06484375 0.36328125 0.0515625 0.084375
0 0.6296875 0.36796875 0.046875 0.0546875
0 0.95390625 0.37265625 0.0234375 0.03125
0 0.89375 0.37734375 0.0515625 0.0796875
0 0.09453125 0.3796875 0.028125 0.046875
0 0.77578125 0.39609375 0.0515625 0.078125
0 0.66640625 0.39609375 0.065625 0.096875
0 0.821875 0.41171875 0.065625 0.09375