0 0.30078125 0.25234375 0.09375 0.153125
0 0.76875 0.29609375 0.0890625 0.134375
0 0.86328125 0.31015625 0.096875 0.171875
0 0.39140625 0.31484375 0.096875 0.14375
0 0.18515625 0.38203125 0.1015625 0.1765625
0 0.62734375 0.38203125 0.1109375 0.1671875
0 0.48828125 0.47890625 0.10625 0.1609375
0 0.740625 0.48125 0.10625 0.18125
0 0.40546875 0.096875 0.096875 0.1390625
0 0.7359375 0.14140625 0.10625 0.1578125
0 0.63671875 0.18515625 0.096875 0.1484375
0 0.1828125 0.20625 0.10625 0.1578125
0 0.52109375 0.20859375 0.096875 0.1671875