0 0.54375 0.3125 0.0046875 0.009375
0 0.6296875 0.3171875 0.0046875 0.009375
0 0.63671875 0.32421875 0.0046875 0.0046875
0 0.071875 0.33359375 0.009375 0.009375
0 0.13671875 0.33359375 0.01875 0.0234375
0 0.6921875 0.33359375 0.009375 0.009375
0 0.7984375 0.33359375 0.0140625 0.01875
0 0.1921875 0.3359375 0.0046875 0.009375
0 0.66875 0.3359375 0.009375 0.0140625
0 0.88671875 0.3359375 0.0140625 0.0234375
0 0.1109375 0.3359375 0.0046875 0.0046875
0 0.19921875 0.3359375 0.0046875 0.009375
0 0.60390625 0.33828125 0.0140625 0.01875
0 0.74296875 0.33828125 0.0140625 0.0234375
0 0.85625 0.33828125 0.0140625 0.01875
0 0.26171875 0.33828125 0.009375 0.009375
0 0.82421875 0.33828125 0.009375 0.009375
0 0.875 0.33828125 0.0140625 0.0234375
0 0.625 0.33828125 0.01875 0.01875
0 0.44921875 0.340625 0.0140625 0.01875
0 0.33125 0.340625 0.009375 0.01875
0 0.51640625 0.340625 0.009375 0.0140625
0 0.56953125 0.340625 0.0140625 0.01875
0 0.715625 0.340625 0.009375 0.009375
0 0.7546875 0.340625 0.009375 0.0140625
0 0.38203125 0.340625 0.009375 0.009375
0 0.75 0.340625 0.0140625 0.0140625
0 0.240625 0.34296875 0.0140625 0.009375
0 0.6828125 0.34296875 0.009375 0.01875
0 0.34296875 0.34296875 0.0140625 0.0234375
0 0.64609375 0.34296875 0.0140625 0.0140625
0 0.41171875 0.34296875 0.0140625 0.0140625
0 0.36328125 0.34296875 0.01875 0.0234375
0 0.30546875 0.34296875 0.0140625 0.0140625
0 0.90546875 0.34453125 0.009375 0.0140625
0 0.2265625 0.34453125 0.0046875 0.009375
0 0.31953125 0.34453125 0.0140625 0.0234375
0 0.81484375 0.34453125 0.009375 0.009375
0 0.58828125 0.34453125 0.0140625 0.0234375
0 0.615625 0.34453125 0.01875 0.028125
0 0.3984375 0.346875 0.0140625 0.0234375
0 0.91171875 0.346875 0.009375 0.01875
0 0.4609375 0.346875 0.009375 0.0140625
0 0.77578125 0.346875 0.01875 0.03125
0 0.928125 0.34921875 0.0140625 0.0234375
0 0.30078125 0.34921875 0.009375 0.01875
0 0.12734375 0.34921875 0.0140625 0.01875
0 0.18046875 0.34921875 0.009375 0.009375
0 0.490625 0.34921875 0.009375 0.0140625
0 0.72421875 0.34921875 0.0140625 0.01875
0 0.69453125 0.34921875 0.01875 0.0234375
0 0.1734375 0.3515625 0.009375 0.0140625
0 0.21328125 0.3515625 0.0140625 0.01875
0 0.96328125 0.3515625 0.028125 0.0421875
0 0.98125 0.3515625 0.009375 0.0234375
0 0.27578125 0.3515625 0.01875 0.0234375
0 0.428125 0.3515625 0.0140625 0.0328125
0 0.50234375 0.3515625 0.009375 0.0234375
0 0.89609375 0.3515625 0.0140625 0.01875
0 0.19921875 0.35390625 0.009375 0.0140625
0 0.009375 0.35625 0.01875 0.028125
0 0.25234375 0.35390625 0.01875 0.0234375
0 0.534375 0.35390625 0.0140625 0.01875
0 0.08828125 0.35390625 0.0140625 0.0140625
0 0.7640625 0.35390625 0.0140625 0.01875
0 0.83125 0.35390625 0.01875 0.0234375
0 0.5484375 0.35390625 0.009375 0.0234375
0 0.47421875 0.35390625 0.0046875 0.0140625
0 0.85390625 0.35625 0.01875 0.0234375
0 0.51875 0.35625 0.0140625 0.01875
0 0.80546875 0.35859375 0.01875 0.0234375
0 0.64375 0.35859375 0.0140625 0.0234375
0 0.4140625 0.35859375 0.01875 0.0234375
0 0.56015625 0.35859375 0.009375 0.01875
0 0.678125 0.35859375 0.0140625 0.01875
0 0.0390625 0.35859375 0.01875 0.0234375
0 0.45625 0.35859375 0.0140625 0.01875
0 0.1875 0.3609375 0.0140625 0.0234375
0 0.07421875 0.3609375 0.0140625 0.0234375
0 0.221875 0.3609375 0.01875 0.0234375
0 0.28671875 0.3609375 0.01875 0.028125
0 0.0578125 0.36328125 0.01875 0.0234375
0 0.3125 0.36328125 0.0140625 0.0234375
0 0.01875 0.36328125 0.01875 0.0328125
0 0.2109375 0.36328125 0.01875 0.01875
0 0.1203125 0.365625 0.0234375 0.028125
0 0.4953125 0.365625 0.0140625 0.0234375
0 0.52578125 0.365625 0.01875 0.01875
0 0.13203125 0.36796875 0.0140625 0.01875
0 0.153125 0.3703125 0.0234375 0.0375
0 0.17578125 0.3703125 0.0140625 0.0234375
0 0.715625 0.37265625 0.0234375 0.0234375
0 0.5765625 0.37265625 0.01875 0.0375
0 0.68984375 0.37265625 0.01875 0.0234375
0 0.38671875 0.375 0.028125 0.0515625
0 0.98828125 0.375 0.0140625 0.0375
0 0.865625 0.37734375 0.01875 0.028125
0 0.3515625 0.37734375 0.0328125 0.0375
0 0.8984375 0.3796875 0.0234375 0.0375
0 0.74765625 0.3796875 0.028125 0.03125
0 0.14140625 0.38203125 0.01875 0.0234375
0 0.09453125 0.38203125 0.028125 0.03125
0 0.65703125 0.38203125 0.028125 0.03125
0 0.26875 0.384375 0.0234375 0.040625
0 0.528125 0.384375 0.028125 0.03125
0 0.62265625 0.39609375 0.0234375 0.0375
0 0.45859375 0.3984375 0.0421875 0.0609375
0 0.0625 0.403125 0.028125 0.0421875
0 0.20390625 0.41171875 0.0328125 0.0515625
0 0.23125 0.41875 0.0421875 0.0546875
0 0.81484375 0.41875 0.0328125 0.0421875
0 0.84296875 0.42109375 0.046875 0.05625
0 0.159375 0.42578125 0.0328125 0.05625
0 0.67109375 0.4328125 0.03125 0.046875
0 0.71328125 0.43984375 0.028125 0.0421875
0 0.54140625 0.4421875 0.0421875 0.0703125
0 0.03203125 0.4515625 0.046875 0.05625
0 0.365625 0.46796875 0.046875 0.075
0 0.65078125 0.61796875 0.0359375 0.059375
0 0.16640625 0.65703125 0.040625 0.059375