0 0.446875 0.18984375 0.01875 0.05625
0 0.24296875 0.20859375 0.0375 0.0796875
0 0.3171875 0.20859375 0.028125 0.075
0 0.428125 0.21328125 0.0515625 0.1015625
0 0.28671875 0.215625 0.03125 0.10625
0 0.5140625 0.21953125 0.0328125 0.0875
0 0.3359375 0.2265625 0.0234375 0.0703125
0 0.64140625 0.2265625 0.03125 0.084375
0 0.45390625 0.22890625 0.0234375 0.0609375
0 0.590625 0.23828125 0.028125 0.09375
0 0.56484375 0.26171875 0.028125 0.0515625
0 0.08828125 0.27109375 0.0546875 0.115625
0 0.759375 0.278125 0.028125 0.0515625
0 0.7109375 0.29140625 0.0328125 0.0546875
0 0.76640625 0.31953125 0.01875 0.0515625
0 0.571875 0.3265625 0.0421875 0.084375
0 0.79609375 0.32890625 0.03125 0.0703125
0 0.65078125 0.3359375 0.028125 0.084375
0 0.40546875 0.340625 0.046875 0.0890625
0 0.1390625 0.03671875 0.046875 0.0703125
0 0.69453125 0.365625 0.03125 0.0546875
0 0.78203125 0.3703125 0.03125 0.075
0 0.6734375 0.38203125 0.0328125 0.084375
0 0.1734375 0.3890625 0.0703125 0.1625
0 0.86796875 0.4140625 0.0328125 0.0796875
0 0.73125 0.42578125 0.03125 0.0609375
0 0.821875 0.43046875 0.0375 0.065625
0 0.59921875 0.44453125 0.0515625 0.1109375
0 0.846875 0.4515625 0.0234375 0.0609375
0 0.03125 0.04609375 0.046875 0.0921875
0 0.37734375 0.471875 0.065625 0.14375
0 0.78203125 0.471875 0.0421875 0.084375
0 0.9421875 0.50234375 0.0375 0.075
0 0.5484375 0.51875 0.046875 0.096875
0 0.696875 0.528125 0.05625 0.1109375
0 0.909375 0.528125 0.028125 0.0703125
0 0.8125 0.53203125 0.0375 0.0890625
0 0.9609375 0.53203125 0.0328125 0.075
0 0.45390625 0.5390625 0.0421875 0.115625
0 0.76875 0.5484375 0.0421875 0.09375
0 0.94453125 0.6203125 0.0421875 0.0828125
0 0.2015625 0.08828125 0.0328125 0.0796875
0 0.06484375 0.11796875 0.0515625 0.1015625
0 0.21953125 0.1203125 0.0375 0.09375
0 0.303125 0.1203125 0.028125 0.0546875
0 0.259375 0.1296875 0.01875 0.0421875
0 0.15546875 0.14140625 0.040625 0.10625
0 0.38203125 0.15703125 0.0234375 0.0453125