0 0.64375 0.23359375 0.0359375 0.065625
0 0.2546875 0.23359375 0.046875 0.0703125
0 0.365625 0.23828125 0.0515625 0.075
0 0.44453125 0.240625 0.0515625 0.0609375
0 0.09921875 0.2453125 0.05625 0.09375
0 0.76875 0.284375 0.0546875 0.09375
0 0.63203125 0.3515625 0.0546875 0.096875
0 0.43046875 0.384375 0.075 0.1203125
0 0.73125 0.41875 0.065625 0.1203125
0 0.89140625 0.4234375 0.075 0.115625
0 0.07421875 0.47890625 0.0796875 0.115625
0 0.5390625 0.4859375 0.0890625 0.1765625
0 0.60859375 0.10390625 0.03125 0.0515625
0 0.4765625 0.115625 0.0328125 0.0453125
0 0.5 0.11796875 0.01875 0.0515625
0 0.55546875 0.1203125 0.01875 0.0375
0 0.41171875 0.125 0.03125 0.046875
0 0.66640625 0.12734375 0.028125 0.046875
0 0.196875 0.1390625 0.0421875 0.075
0 0.44453125 0.14140625 0.0375 0.0421875
0 0.5234375 0.14375 0.028125 0.0515625
0 0.3796875 0.14375 0.0375 0.0515625
0 0.76640625 0.15546875 0.03125 0.05625
0 0.30546875 0.15703125 0.0375 0.0609375
0 0.59296875 0.16171875 0.03125 0.0515625
0 0.5578125 0.16875 0.028125 0.040625
0 0.6921875 0.17109375 0.03125 0.0609375
0 0.46953125 0.17578125 0.0421875 0.05625
0 0.653125 0.17578125 0.028125 0.0421875
0 0.6203125 0.17578125 0.03125 0.0421875
0 0.26640625 0.1828125 0.028125 0.05625
0 0.40546875 0.18984375 0.0375 0.0703125
0 0.32421875 0.19921875 0.0421875 0.0703125
0 0.53671875 0.20390625 0.0421875 0.0640625
0 0.80078125 0.215625 0.0375 0.0640625
0 0.86796875 0.22890625 0.0515625 0.0890625