0 0.79609375 0.159375 0.01875 0.028125
0 0.81015625 0.16640625 0.0140625 0.01875
0 0.77578125 0.16640625 0.01875 0.01875
0 0.91640625 0.17109375 0.05625 0.09375
0 0.97890625 0.178125 0.0421875 0.065625
0 0.7109375 0.178125 0.0140625 0.01875
0 0.5046875 0.18984375 0.0234375 0.028125
0 0.54140625 0.18984375 0.028125 0.0328125
0 0.784375 0.1921875 0.0234375 0.0328125
0 0.3890625 0.1921875 0.0140625 0.01875
0 0.70625 0.19453125 0.0140625 0.0234375
0 0.75234375 0.196875 0.01875 0.01875
0 0.6734375 0.196875 0.028125 0.046875
0 0.71953125 0.196875 0.0140625 0.0328125
0 0.8265625 0.19921875 0.0234375 0.0328125
0 0.73125 0.19921875 0.0140625 0.0234375
0 0.6484375 0.20625 0.01875 0.0328125
0 0.39140625 0.20625 0.01875 0.0234375
0 0.43984375 0.20625 0.0234375 0.0328125
0 0.94921875 0.20625 0.046875 0.065625
0 0.63671875 0.20859375 0.0375 0.0515625
0 0.7734375 0.2109375 0.0328125 0.0328125
0 0.36796875 0.2109375 0.0140625 0.028125
0 0.596875 0.21796875 0.046875 0.05625
0 0.50234375 0.21953125 0.01875 0.028125
0 0.35859375 0.22421875 0.0234375 0.0328125
0 0.01640625 0.22890625 0.0234375 0.0328125
0 0.16875 0.23125 0.028125 0.01875
0 0.80546875 0.2359375 0.0140625 0.0234375
0 0.03046875 0.2359375 0.0140625 0.0328125
0 0.278125 0.2359375 0.01875 0.0234375
0 0.14140625 0.23828125 0.01875 0.0140625
0 0.4140625 0.240625 0.0328125 0.05625
0 0.0859375 0.2453125 0.0234375 0.03125
0 0.196875 0.2453125 0.028125 0.03125
0 0.47421875 0.2453125 0.028125 0.0421875
0 0.16171875 0.2453125 0.0234375 0.028125
0 0.2453125 0.24765625 0.01875 0.0234375
0 0.21953125 0.2546875 0.0375 0.046875
0 0.38203125 0.26171875 0.03125 0.0421875
0 0.14375 0.2640625 0.0234375 0.0328125
0 0.29375 0.2640625 0.0375 0.0375
0 0.7453125 0.26875 0.0515625 0.0703125
0 0.5390625 0.2734375 0.0609375 0.096875
0 0.25 0.278125 0.0234375 0.028125
0 0.3359375 0.284375 0.0515625 0.065625
0 0.05078125 0.28671875 0.0375 0.040625
0 0.028125 0.321875 0.0515625 0.0703125
0 0.22421875 0.35859375 0.0375 0.0515625
0 0.16171875 0.52578125 0.084375 0.134375
0 0.15078125 0.73359375 0.1390625 0.2078125