0 0.090625 0.11328125 0.0234375 0.0328125
0 0.134375 0.115625 0.028125 0.0328125
0 0.21953125 0.12265625 0.0234375 0.0328125
0 0.15546875 0.125 0.0234375 0.0328125
0 0.39375 0.125 0.0234375 0.028125
0 0.26640625 0.12734375 0.01875 0.028125
0 0.2984375 0.1296875 0.01875 0.0234375
0 0.0234375 0.13671875 0.0234375 0.0328125
0 0.259375 0.13671875 0.028125 0.0375
0 0.34296875 0.1390625 0.0234375 0.028125
0 0.31484375 0.14375 0.01875 0.028125
0 0.10390625 0.14609375 0.0328125 0.0328125
0 0.4140625 0.14609375 0.0234375 0.0328125
0 0.12734375 0.15078125 0.0234375 0.028125
0 0.20390625 0.153125 0.028125 0.028125
0 0.2890625 0.15546875 0.0234375 0.040625
0 0.17109375 0.15546875 0.028125 0.0375
0 0.36796875 0.15546875 0.0234375 0.0375
0 0.39375 0.15546875 0.0234375 0.028125
0 0.18984375 0.16875 0.028125 0.040625
0 0.48359375 0.16875 0.0234375 0.040625
0 0.54140625 0.17109375 0.0359375 0.0515625
0 0.11328125 0.17578125 0.0328125 0.046875
0 0.0046875 0.178125 0.009375 0.0328125
0 0.05078125 0.178125 0.01875 0.040625
0 0.40703125 0.18046875 0.0375 0.0453125
0 0.33125 0.1828125 0.0234375 0.0421875
0 0.30546875 0.1875 0.0234375 0.028125
0 0.03671875 0.1875 0.01875 0.0328125
0 0.07421875 0.1875 0.028125 0.0375
0 0.68515625 0.1875 0.028125 0.028125
0 0.596875 0.18984375 0.03125 0.040625
0 0.21796875 0.196875 0.0328125 0.05625
0 0.75 0.2015625 0.0375 0.0515625
0 0.15703125 0.20625 0.0328125 0.0375
0 0.8359375 0.20625 0.0375 0.05625
0 0.55546875 0.2109375 0.028125 0.0375
0 0.38203125 0.21328125 0.028125 0.046875
0 0.17109375 0.215625 0.01875 0.040625
0 0.1875 0.215625 0.0328125 0.0453125
0 0.64609375 0.21796875 0.0234375 0.028125
0 0.9234375 0.21953125 0.0375 0.0609375
0 0.259375 0.21953125 0.0328125 0.0515625
0 0.7359375 0.221875 0.028125 0.0421875
0 0.00703125 0.2265625 0.0140625 0.0375
0 0.69921875 0.22421875 0.0375 0.046875
0 0.57890625 0.2265625 0.0421875 0.05625
0 0.41640625 0.23125 0.0234375 0.0421875
0 0.05078125 0.23125 0.0375 0.0421875
0 0.81015625 0.23359375 0.0359375 0.046875
0 0.31015625 0.23359375 0.0234375 0.0421875
0 0.11796875 0.2359375 0.0328125 0.0515625
0 0.51875 0.2359375 0.028125 0.0375
0 0.08359375 0.24296875 0.0328125 0.05625
0 0.678125 0.24296875 0.0359375 0.0515625
0 0.5484375 0.25 0.0359375 0.046875
0 0.3609375 0.259375 0.0375 0.0515625
0 0.43984375 0.26171875 0.0375 0.0515625
0 0.1875 0.26171875 0.0421875 0.0515625
0 0.5046875 0.26875 0.028125 0.046875
0 0.14140625 0.27109375 0.0421875 0.0515625
0 0.27109375 0.27109375 0.0234375 0.0515625
0 0.65078125 0.2734375 0.0421875 0.0609375
0 0.24296875 0.278125 0.0328125 0.0515625
0 0.03046875 0.28203125 0.0515625 0.0515625
0 0.77109375 0.284375 0.0359375 0.046875
0 0.303125 0.30078125 0.046875 0.0703125
0 0.65546875 0.3515625 0.0515625 0.0703125
0 0.04375 0.35859375 0.0515625 0.0609375
0 0.134375 0.365625 0.040625 0.075
0 0.47890625 0.365625 0.05625 0.084375
0 0.6921875 0.0390625 0.03125 0.046875
0 0.759375 0.43515625 0.0515625 0.078125
0 0.10625 0.509375 0.075 0.0890625
0 0.58359375 0.59921875 0.075 0.09375
0 0.28046875 0.6640625 0.078125 0.09375
0 0.03203125 0.6828125 0.0640625 0.10625
0 0.33125 0.72890625 0.075 0.0890625
0 0.62734375 0.74765625 0.065625 0.0796875
0 0.159375 0.80546875 0.06875 0.09375
0 0.07421875 0.84296875 0.084375 0.1109375
0 0.0671875 0.0859375 0.0140625 0.01875