0 0.58828125 0.0140625 0.01875 0.028125
0 0.1828125 0.134375 0.028125 0.046875
0 0.29609375 0.13671875 0.0234375 0.065625
0 0.20625 0.14140625 0.0234375 0.065625
0 0.09453125 0.14609375 0.0234375 0.0703125
0 0.40078125 0.01640625 0.0234375 0.0328125
0 0.44921875 0.01640625 0.028125 0.0328125
0 0.721875 0.153125 0.028125 0.05625
0 0.803125 0.15546875 0.028125 0.075
0 0.3515625 0.15703125 0.028125 0.05625
0 0.53046875 0.16171875 0.028125 0.065625
0 0.33359375 0.16640625 0.0234375 0.065625
0 0.590625 0.16640625 0.028125 0.075
0 0.2734375 0.17109375 0.01875 0.05625
0 0.23828125 0.01875 0.01875 0.0375
0 0.6734375 0.1734375 0.028125 0.0515625
0 0.47890625 0.17578125 0.0234375 0.0421875
0 0.23828125 0.18046875 0.028125 0.075
0 0.07890625 0.18515625 0.028125 0.05625
0 0.153125 0.18515625 0.0328125 0.0703125
0 0.321875 0.02109375 0.03125 0.0421875
0 0.5046875 0.02109375 0.01875 0.0421875
0 0.875 0.19453125 0.0375 0.0796875
0 0.03046875 0.19921875 0.03125 0.05625
0 0.9609375 0.20390625 0.0375 0.0796875
0 0.5625 0.20390625 0.028125 0.0640625
0 0.76640625 0.20859375 0.028125 0.0890625
0 0.6921875 0.0234375 0.0234375 0.046875
0 0.26640625 0.0234375 0.03125 0.046875
0 0.51875 0.02109375 0.01875 0.0375
0 0.65546875 0.215625 0.03125 0.075
0 0.784375 0.21953125 0.0234375 0.0640625
0 0.7109375 0.221875 0.028125 0.05625
0 0.634375 0.0234375 0.01875 0.046875
0 0.10625 0.23359375 0.0375 0.078125
0 0.18984375 0.23359375 0.0328125 0.078125
0 0.33359375 0.23359375 0.0234375 0.0703125
0 0.40703125 0.23359375 0.028125 0.078125
0 0.740625 0.0234375 0.01875 0.046875
0 0.54140625 0.02578125 0.028125 0.0515625
0 0.2890625 0.02578125 0.01875 0.040625
0 0.66640625 0.2546875 0.0359375 0.0703125
0 0.2109375 0.02578125 0.028125 0.040625
0 0.25703125 0.2546875 0.0234375 0.065625
0 0.09296875 0.028125 0.028125 0.05625
0 0.3609375 0.028125 0.01875 0.0515625
0 0.48828125 0.028125 0.01875 0.046875
0 0.5765625 0.26875 0.0328125 0.075
0 0.4859375 0.278125 0.0328125 0.075
0 0.034375 0.30546875 0.028125 0.0515625
0 0.6484375 0.03046875 0.01875 0.0375
0 0.29609375 0.3125 0.03125 0.0796875
0 0.46328125 0.32421875 0.0328125 0.065625
0 0.65078125 0.34453125 0.0328125 0.09375
0 0.55546875 0.34453125 0.03125 0.084375
0 0.375 0.346875 0.0375 0.096875
0 0.76328125 0.034375 0.0328125 0.06875
0 0.73125 0.3609375 0.03125 0.09375
0 0.18515625 0.37734375 0.0421875 0.065625
0 0.9234375 0.38203125 0.0375 0.09375
0 0.946875 0.384375 0.0421875 0.096875
0 0.25703125 0.38671875 0.046875 0.0890625
0 0.009375 0.38671875 0.01875 0.125
0 0.56484375 0.04140625 0.0234375 0.0421875
0 0.84296875 0.403125 0.046875 0.1015625
0 0.15078125 0.4140625 0.0375 0.09375
0 0.0859375 0.4234375 0.0421875 0.084375
0 0.465625 0.4234375 0.0421875 0.1015625
0 0.75234375 0.42578125 0.0421875 0.09375
0 0.82421875 0.04375 0.0328125 0.078125
0 0.65078125 0.43046875 0.0421875 0.1015625
0 0.2984375 0.43046875 0.0375 0.0890625
0 0.40703125 0.44921875 0.0515625 0.115625
0 0.3609375 0.45390625 0.03125 0.0703125
0 0.18515625 0.46328125 0.0328125 0.0890625
0 0.1015625 0.465625 0.0328125 0.0890625
0 0.14609375 0.04609375 0.040625 0.0796875
0 0.52578125 0.46796875 0.0359375 0.0890625
0 0.83359375 0.46953125 0.0421875 0.1109375
0 0.55546875 0.490625 0.0359375 0.0890625
0 0.98828125 0.05078125 0.0234375 0.0609375
0 0.36796875 0.52578125 0.0421875 0.096875
0 0.04375 0.53046875 0.046875 0.10625
0 0.2640625 0.53203125 0.040625 0.075
0 0.95859375 0.54609375 0.065625 0.153125
0 0.61328125 0.553125 0.065625 0.0828125
0 0.15546875 0.5671875 0.0453125 0.1109375
0 0.2359375 0.0578125 0.01875 0.046875
0 0.84453125 0.57890625 0.0421875 0.096875
0 0.71953125 0.5859375 0.0421875 0.1015625
0 0.40078125 0.0578125 0.0234375 0.0515625
0 0.715625 0.06015625 0.028125 0.040625
0 0.24296875 0.590625 0.0515625 0.1296875
0 0.115625 0.0625 0.0234375 0.0328125
0 0.5 0.62265625 0.0421875 0.1296875
0 0.9609375 0.0625 0.028125 0.065625
0 0.5 0.06484375 0.01875 0.0515625
0 0.09921875 0.6640625 0.0421875 0.115625
0 0.06015625 0.0671875 0.01875 0.0421875
0 0.58828125 0.6734375 0.0421875 0.115625
0 0.4375 0.0671875 0.0234375 0.0609375
0 0.778125 0.69921875 0.0421875 0.096875
0 0.94921875 0.70625 0.0375 0.0890625
0 0.37734375 0.70625 0.065625 0.1390625
0 0.778125 0.071875 0.028125 0.0609375
0 0.31953125 0.071875 0.01875 0.0515625
0 0.134375 0.71328125 0.046875 0.1109375
0 0.65703125 0.07421875 0.0234375 0.0515625
0 0.2109375 0.07421875 0.0234375 0.046875
0 0.66640625 0.740625 0.0421875 0.115625
0 0.59453125 0.0765625 0.028125 0.0703125
0 0.821875 0.75703125 0.05625 0.115625
0 0.51640625 0.0765625 0.01875 0.046875
0 0.18046875 0.07890625 0.01875 0.046875
0 0.52109375 0.7890625 0.05625 0.134375
0 0.55546875 0.07890625 0.0234375 0.065625
0 0.28203125 0.07890625 0.028125 0.0609375
0 0.9765625 0.821875 0.0375 0.134375
0 0.37265625 0.8796875 0.0640625 0.1296875
0 0.346875 0.090625 0.0140625 0.0375
0 0.86796875 0.9140625 0.065625 0.1625
0 0.27109375 0.92109375 0.0515625 0.134375
0 0.21328125 0.9328125 0.05625 0.1109375
0 0.2546875 0.09453125 0.0234375 0.065625
0 0.08359375 0.9609375 0.0703125 0.065625
0 0.41640625 0.096875 0.0234375 0.0609375
0 0.72421875 0.09921875 0.028125 0.0515625
0 0.88671875 0.10859375 0.0234375 0.0609375
0 0.84296875 0.1109375 0.028125 0.0796875
0 0.47890625 0.1109375 0.0234375 0.05625
0 0.471875 0.0140625 0.01875 0.028125
0 0.05546875 0.1203125 0.028125 0.0609375
0 0.22421875 0.125 0.01875 0.0515625
0 0.38671875 0.1296875 0.0328125 0.0640625
0 0.1296875 0.1296875 0.028125 0.0640625
0 0.66640625 0.134375 0.028125 0.040625
0 0.071875 0.134375 0.01875 0.040625