0 0.18515625 0.32421875 0.05625 0.096875
0 0.83828125 0.365625 0.028125 0.03125
0 0.55546875 0.3796875 0.0359375 0.065625
0 0.2359375 0.3890625 0.028125 0.0609375
0 0.51875 0.39140625 0.0359375 0.0703125
0 0.84921875 0.39609375 0.028125 0.046875
0 0.98359375 0.3984375 0.0328125 0.075
0 0.57890625 0.40078125 0.0140625 0.028125
0 0.89375 0.40546875 0.01875 0.0234375
0 0.6640625 0.40546875 0.028125 0.065625
0 0.79375 0.40546875 0.0234375 0.0421875
0 0.74765625 0.409375 0.0140625 0.028125
0 0.9421875 0.4140625 0.0140625 0.0234375
0 0.64609375 0.4140625 0.0421875 0.075
0 0.77578125 0.41640625 0.01875 0.0375
0 0.7109375 0.41640625 0.028125 0.046875
0 0.45625 0.41875 0.0375 0.065625
0 0.27109375 0.42109375 0.0375 0.065625
0 0.61328125 0.42109375 0.028125 0.046875
0 0.90703125 0.42109375 0.0234375 0.0421875
0 0.596875 0.42109375 0.0234375 0.0375
0 0.42578125 0.4234375 0.0421875 0.0875
0 0.884375 0.4421875 0.028125 0.065625
0 0.85625 0.44453125 0.0375 0.075
0 0.31953125 0.44453125 0.0140625 0.028125
0 0.7546875 0.4515625 0.028125 0.0515625
0 0.2984375 0.45859375 0.0140625 0.028125
0 0.8171875 0.4609375 0.0375 0.0703125