0 0.96953125 0.1109375 0.0515625 0.1109375
0 0.9328125 0.14375 0.0375 0.0453125
0 0.62265625 0.1484375 0.0421875 0.0796875
0 0.6875 0.16875 0.0796875 0.084375
0 0.4953125 0.1828125 0.0234375 0.0609375
0 0.85859375 0.18515625 0.046875 0.0703125
0 0.2734375 0.18984375 0.0234375 0.040625
0 0.46328125 0.19453125 0.0375 0.0703125
0 0.52578125 0.19921875 0.0359375 0.0421875
0 0.696875 0.2015625 0.05625 0.096875
0 0.35625 0.20390625 0.0234375 0.0453125
0 0.3359375 0.20859375 0.0421875 0.0515625
0 0.22421875 0.2109375 0.028125 0.0421875
0 0.38203125 0.21796875 0.0421875 0.0375
0 0.28671875 0.2265625 0.0234375 0.0375
0 0.58125 0.23359375 0.01875 0.0328125
0 0.1921875 0.23359375 0.0328125 0.0421875
0 0.10390625 0.2359375 0.01875 0.0234375
0 0.25234375 0.23828125 0.0375 0.065625
0 0.75703125 0.240625 0.059375 0.0828125
0 0.56484375 0.240625 0.01875 0.0375
0 0.1390625 0.2453125 0.01875 0.03125
0 0.3265625 0.25 0.0515625 0.075
0 0.01171875 0.25234375 0.009375 0.01875
0 0.17109375 0.2546875 0.040625 0.05625
0 0.03671875 0.2546875 0.01875 0.0328125
0 0.0625 0.2546875 0.0234375 0.0328125
0 0.0046875 0.2546875 0.009375 0.01875
0 0.08125 0.25703125 0.01875 0.0234375
0 0.1296875 0.259375 0.009375 0.01875
0 0.09921875 0.259375 0.0140625 0.0234375
0 0.02109375 0.259375 0.0140625 0.0234375
0 0.00703125 0.27109375 0.0140625 0.0140625
0 0.5234375 0.27578125 0.0515625 0.09375
0 0.303125 0.2890625 0.046875 0.075
0 0.38203125 0.2984375 0.0515625 0.075
0 0.196875 0.32890625 0.0515625 0.078125
0 0.10859375 0.34453125 0.0515625 0.075
0 0.759375 0.3890625 0.0796875 0.10625