0 0.58828125 0.10625 0.0140625 0.028125
0 0.85859375 0.10859375 0.01875 0.028125
0 0.88671875 0.11328125 0.0328125 0.0515625
0 0.5234375 0.1203125 0.01875 0.0421875
0 0.8171875 0.125 0.028125 0.0234375
0 0.96953125 0.12734375 0.046875 0.0609375
0 0.36328125 0.13203125 0.0375 0.05625
0 0.6390625 0.134375 0.028125 0.0515625
0 0.7453125 0.159375 0.0546875 0.0890625
0 0.69921875 0.1640625 0.05625 0.1015625
0 0.321875 0.1828125 0.075 0.09375
0 0.14609375 0.18515625 0.046875 0.075
0 0.20390625 0.1875 0.0640625 0.1015625
0 0.659375 0.1921875 0.03125 0.0515625
0 0.9421875 0.196875 0.084375 0.125
0 0.53203125 0.20625 0.0421875 0.075
0 0.45390625 0.21328125 0.05625 0.0796875
0 0.97890625 0.2265625 0.0328125 0.1015625
0 0.51171875 0.04609375 0.01875 0.0375
0 0.61328125 0.07421875 0.0234375 0.028125
0 0.73125 0.07890625 0.01875 0.028125
0 0.54140625 0.08359375 0.01875 0.0328125
0 0.76171875 0.08828125 0.01875 0.0234375
0 0.7265625 0.090625 0.01875 0.028125
0 0.64375 0.09296875 0.0234375 0.028125
0 0.1484375 0.1015625 0.0703125 0.0890625
0 0.7984375 0.1015625 0.028125 0.046875
0 0.5578125 0.1015625 0.01875 0.0375
0 0.846875 0.10390625 0.01875 0.0359375