0 0.5484375 0.2890625 0.0234375 0.0515625
0 0.89140625 0.29609375 0.0375 0.046875
0 0.20390625 0.303125 0.0453125 0.078125
0 0.62265625 0.303125 0.028125 0.040625
0 0.77578125 0.30546875 0.0328125 0.0546875
0 0.71953125 0.3078125 0.0359375 0.0703125
0 0.64140625 0.3125 0.03125 0.05625
0 0.74765625 0.3125 0.0328125 0.0515625
0 0.26171875 0.31484375 0.0375 0.0546875
0 0.3359375 0.31484375 0.0421875 0.0515625
0 0.6828125 0.321875 0.03125 0.046875
0 0.84921875 0.32421875 0.028125 0.0421875
0 0.46328125 0.32421875 0.028125 0.0515625
0 0.48828125 0.33359375 0.028125 0.0515625
0 0.9421875 0.34453125 0.028125 0.046875
0 0.428125 0.3515625 0.028125 0.046875
0 0.590625 0.35390625 0.028125 0.0515625
0 0.7734375 0.35625 0.0234375 0.046875
0 0.80546875 0.35625 0.0328125 0.0546875
0 0.5625 0.35625 0.028125 0.0515625
0 0.84921875 0.384375 0.028125 0.0515625
0 0.76640625 0.4953125 0.0359375 0.065625
0 0.778125 0.6015625 0.0890625 0.115625
0 0.5578125 0.625 0.09375 0.153125
0 0.071875 0.278125 0.0796875 0.1203125