0 0.71796875 0.2546875 0.009375 0.01875
0 0.8171875 0.2546875 0.0140625 0.0234375
0 0.98828125 0.259375 0.0140625 0.0234375
0 0.77578125 0.259375 0.0140625 0.01875
0 0.82890625 0.27578125 0.009375 0.01875
0 0.54140625 0.28046875 0.009375 0.01875
0 0.7015625 0.284375 0.0140625 0.01875
0 0.75703125 0.284375 0.009375 0.01875
0 0.403125 0.30078125 0.0140625 0.0234375
0 0.5578125 0.30546875 0.0140625 0.01875
0 0.6296875 0.30546875 0.0140625 0.01875
0 0.70859375 0.3125 0.0140625 0.0234375
0 0.7546875 0.3125 0.0140625 0.0234375
0 0.34296875 0.31484375 0.0140625 0.01875
0 0.634375 0.3265625 0.0140625 0.01875
0 0.81015625 0.34296875 0.0140625 0.0234375
0 0.240625 0.34453125 0.0140625 0.01875
0 0.82890625 0.3515625 0.0140625 0.01875
0 0.68984375 0.35390625 0.009375 0.01875
0 0.77109375 0.35625 0.0140625 0.0234375
0 0.4234375 0.36796875 0.0140625 0.01875
0 0.303125 0.375 0.0140625 0.0234375
0 0.46796875 0.375 0.0140625 0.01875
0 0.76875 0.384375 0.0140625 0.01875
0 0.59921875 0.3890625 0.0140625 0.0234375
0 0.93515625 0.39140625 0.0140625 0.01875
0 0.71328125 0.39140625 0.01875 0.01875
0 0.51875 0.40078125 0.0140625 0.0234375
0 0.84453125 0.0046875 0.009375 0.009375
0 0.778125 0.403125 0.0140625 0.01875
0 0.3703125 0.409375 0.01875 0.01875
0 0.903125 0.409375 0.0140625 0.01875
0 0.8609375 0.41640625 0.0140625 0.01875
0 0.6484375 0.41640625 0.009375 0.0140625
0 0.3171875 0.41875 0.0140625 0.01875
0 0.6390625 0.41875 0.009375 0.0140625
0 0.21953125 0.42578125 0.0140625 0.01875
0 0.82421875 0.43515625 0.009375 0.01875
0 0.5578125 0.44453125 0.0140625 0.0234375
0 0.784375 0.44921875 0.0140625 0.01875
0 0.946875 0.45390625 0.009375 0.01875
0 0.6640625 0.45390625 0.01875 0.0234375
0 0.6828125 0.45625 0.0140625 0.01875
0 0.52109375 0.4609375 0.0140625 0.01875
0 0.19453125 0.46328125 0.0140625 0.0140625
0 0.3984375 0.465625 0.0140625 0.01875
0 0.84921875 0.471875 0.0140625 0.0234375
0 0.2015625 0.47421875 0.0140625 0.0234375
0 0.9234375 0.4765625 0.01875 0.0234375
0 0.85859375 0.4765625 0.01875 0.0234375
0 0.83359375 0.0484375 0.009375 0.0140625
0 0.08359375 0.49296875 0.0140625 0.01875
0 0.94921875 0.4953125 0.0140625 0.0234375
0 0.51640625 0.50234375 0.0140625 0.0234375
0 0.03203125 0.5046875 0.0140625 0.01875
0 0.46328125 0.509375 0.0140625 0.0234375
0 0.68984375 0.5140625 0.01875 0.01875
0 0.15078125 0.51640625 0.01875 0.0234375
0 0.38671875 0.51640625 0.01875 0.01875
0 0.21328125 0.51640625 0.0140625 0.01875
0 0.82890625 0.52109375 0.0140625 0.01875
0 0.97890625 0.52109375 0.0140625 0.01875
0 0.75703125 0.5234375 0.0140625 0.01875
0 0.93984375 0.5234375 0.01875 0.01875
0 0.159375 0.52578125 0.0140625 0.01875
0 0.8890625 0.528125 0.0140625 0.01875
0 0.41875 0.5390625 0.0140625 0.01875
0 0.03671875 0.5390625 0.0140625 0.01875
0 0.840625 0.54140625 0.01875 0.01875
0 0.6203125 0.54140625 0.0140625 0.01875
0 0.89375 0.54609375 0.0140625 0.01875
0 0.82421875 0.05546875 0.009375 0.01875
0 0.2265625 0.5484375 0.01875 0.0328125
0 0.07890625 0.55078125 0.009375 0.01875
0 0.928125 0.56953125 0.0140625 0.01875
0 0.27109375 0.57890625 0.0140625 0.01875
0 0.33828125 0.58359375 0.0140625 0.01875
0 0.95390625 0.0578125 0.0140625 0.01875
0 0.090625 0.59453125 0.0140625 0.01875
0 0.03671875 0.59453125 0.0140625 0.01875
0 0.821875 0.596875 0.0140625 0.0234375
0 0.928125 0.59921875 0.0140625 0.028125
0 0.79375 0.6015625 0.0140625 0.01875
0 0.28671875 0.60625 0.0140625 0.01875
0 0.18515625 0.60859375 0.0140625 0.0234375
0 0.090625 0.6109375 0.01875 0.01875
0 0.590625 0.61328125 0.0140625 0.01875
0 0.9234375 0.0625 0.009375 0.01875
0 0.35390625 0.6203125 0.0140625 0.0234375
0 0.29609375 0.63671875 0.0140625 0.01875
0 0.65078125 0.64375 0.0140625 0.0234375
0 0.79609375 0.06484375 0.0140625 0.01875
0 0.23359375 0.65546875 0.0140625 0.01875
0 0.403125 0.659375 0.0140625 0.0234375
0 0.534375 0.6640625 0.0140625 0.01875
0 0.9859375 0.0671875 0.009375 0.0140625
0 0.3171875 0.67109375 0.0140625 0.0234375
0 0.909375 0.00703125 0.009375 0.0140625
0 0.53671875 0.6828125 0.0140625 0.0234375
0 0.1484375 0.68984375 0.01875 0.01875
0 0.8359375 0.70390625 0.01875 0.0234375
0 0.26875 0.70625 0.0140625 0.01875
0 0.28203125 0.71328125 0.0140625 0.01875
0 0.64609375 0.721875 0.0140625 0.0234375
0 0.3265625 0.73359375 0.0140625 0.0234375
0 0.45859375 0.74296875 0.0140625 0.01875
0 0.35625 0.76171875 0.01875 0.0234375
0 0.38203125 0.76640625 0.0140625 0.0234375
0 0.4234375 0.79375 0.01875 0.0234375
0 0.28671875 0.81015625 0.0140625 0.01875
0 0.471875 0.8125 0.0140625 0.01875
0 0.93515625 0.08359375 0.009375 0.01875
0 0.7453125 0.08359375 0.0140625 0.0140625
0 0.471875 0.84296875 0.0140625 0.01875
0 0.32890625 0.8515625 0.0140625 0.0234375
0 0.42109375 0.85390625 0.0140625 0.01875
0 0.73125 0.009375 0.0140625 0.01875
0 0.27578125 0.89375 0.0140625 0.0234375
0 0.74765625 0.009375 0.0140625 0.0140625
0 0.41171875 0.909375 0.0140625 0.0234375
0 0.3265625 0.9140625 0.0140625 0.028125
0 0.48125 0.91640625 0.0140625 0.028125
0 0.35625 0.94921875 0.0140625 0.028125
0 0.2984375 0.95859375 0.01875 0.0234375
0 0.24765625 0.9609375 0.0140625 0.01875
0 0.3171875 0.990625 0.0140625 0.01875
0 0.83828125 0.10859375 0.0140625 0.0140625
0 0.85390625 0.1109375 0.0140625 0.0140625
0 0.7359375 0.11796875 0.0140625 0.0140625
0 0.721875 0.1296875 0.0140625 0.01875
0 0.6921875 0.14375 0.009375 0.01875
0 0.74765625 0.15703125 0.0140625 0.01875
0 0.88203125 0.16640625 0.0140625 0.01875
0 0.64609375 0.16640625 0.009375 0.0140625
0 0.70390625 0.17578125 0.0140625 0.01875
0 0.60390625 0.178125 0.0140625 0.0140625
0 0.65703125 0.178125 0.0140625 0.01875
0 0.89375 0.18515625 0.0140625 0.01875
0 0.759375 0.18984375 0.009375 0.0140625
0 0.71953125 0.196875 0.0140625 0.0140625
0 0.64140625 0.20625 0.009375 0.01875
0 0.71953125 0.2359375 0.009375 0.0140625
0 0.88671875 0.240625 0.0140625 0.01875
0 0.63203125 0.24296875 0.0140625 0.0140625
0 0.528125 0.24296875 0.0140625 0.0140625