0 0.58125 0.24296875 0.0890625 0.1625
0 0.66875 0.24296875 0.0421875 0.075
0 0.9859375 0.25 0.028125 0.084375
0 0.78671875 0.27109375 0.0515625 0.115625
0 0.759375 0.284375 0.0515625 0.1109375
0 0.71328125 0.321875 0.065625 0.115625
0 0.06953125 0.3265625 0.0703125 0.1625
0 0.946875 0.3359375 0.065625 0.1625
0 0.8078125 0.375 0.059375 0.115625
0 0.29609375 0.43515625 0.10625 0.1953125
0 0.403125 0.5484375 0.084375 0.153125
0 0.821875 0.678125 0.0796875 0.14375
0 0.23828125 0.08359375 0.0703125 0.14375
0 0.53046875 0.1109375 0.075 0.115625
0 0.1296875 0.1296875 0.0796875 0.153125
0 0.03203125 0.14609375 0.05625 0.09375
0 0.3609375 0.159375 0.0703125 0.14375
0 0.63203125 0.1734375 0.059375 0.10625
0 0.2109375 0.1875 0.0515625 0.1109375
0 0.4421875 0.19921875 0.065625 0.125
0 0.84296875 0.20390625 0.05625 0.115625
0 0.89375 0.21328125 0.046875 0.1015625