0 0.196875 0.1875 0.01875 0.0234375
0 0.125 0.20625 0.028125 0.0421875
0 0.88671875 0.20859375 0.065625 0.1015625
0 0.68984375 0.21796875 0.065625 0.09375
0 0.97890625 0.22890625 0.01875 0.028125
0 0.5390625 0.240625 0.065625 0.1109375
0 0.80078125 0.2453125 0.0234375 0.028125
0 0.34453125 0.2453125 0.0375 0.046875
0 0.99296875 0.24765625 0.0140625 0.0234375
0 0.84296875 0.25 0.0375 0.0421875
0 0.08125 0.2640625 0.01875 0.0234375
0 0.18046875 0.2640625 0.028125 0.0328125
0 0.02109375 0.26875 0.0421875 0.0609375
0 0.23359375 0.28046875 0.0421875 0.0609375
0 0.30546875 0.28203125 0.0515625 0.084375
0 0.971875 0.2890625 0.05625 0.09375
0 0.15546875 0.30078125 0.0328125 0.046875
0 0.08125 0.30078125 0.0140625 0.01875
0 0.4375 0.32890625 0.0609375 0.0890625
0 0.25703125 0.40703125 0.0609375 0.0890625
0 0.39140625 0.6390625 0.065625 0.0828125