0 0.77109375 0.11796875 0.01875 0.0421875
0 0.83828125 0.12265625 0.028125 0.046875
0 0.79609375 0.12734375 0.0234375 0.046875
0 0.60859375 0.12734375 0.01875 0.0328125
0 0.3265625 0.1296875 0.0140625 0.01875
0 0.75703125 0.1296875 0.0234375 0.0421875
0 0.8703125 0.13203125 0.0234375 0.0609375
0 0.47890625 0.134375 0.01875 0.028125
0 0.721875 0.13671875 0.01875 0.046875
0 0.50703125 0.13671875 0.0234375 0.0515625
0 0.159375 0.13671875 0.0234375 0.0421875
0 0.28046875 0.13671875 0.01875 0.0421875
0 0.37265625 0.13671875 0.0140625 0.01875
0 0.45625 0.14140625 0.01875 0.0421875
0 0.52578125 0.14375 0.01875 0.0375
0 0.62734375 0.14609375 0.01875 0.040625
0 0.67578125 0.1484375 0.01875 0.05625
0 0.18515625 0.1484375 0.0234375 0.0421875
0 0.553125 0.153125 0.01875 0.040625
0 0.40703125 0.153125 0.01875 0.0328125
0 0.6015625 0.15546875 0.0140625 0.0328125
0 0.653125 0.15546875 0.01875 0.040625
0 0.68515625 0.15703125 0.0140625 0.0375
0 0.41640625 0.15703125 0.0140625 0.0328125
0 0.43515625 0.15703125 0.01875 0.0328125
0 0.26875 0.159375 0.01875 0.0453125
0 0.3265625 0.16171875 0.0234375 0.0375
0 0.47890625 0.1640625 0.01875 0.0375
0 0.57890625 0.16640625 0.01875 0.0375
0 0.38203125 0.17109375 0.01875 0.0375
0 0.3703125 0.17109375 0.0140625 0.0328125
0 0.23125 0.17109375 0.0234375 0.040625
0 0.596875 0.1828125 0.01875 0.0421875
0 0.303125 0.1828125 0.01875 0.0421875
0 0.1640625 0.1828125 0.01875 0.0421875
0 0.346875 0.18515625 0.0234375 0.0421875
0 0.625 0.2015625 0.0234375 0.046875
0 0.28671875 0.21328125 0.01875 0.040625
0 0.12734375 0.215625 0.0328125 0.040625
0 0.70859375 0.24296875 0.01875 0.0421875
0 0.90546875 0.2546875 0.01875 0.046875
0 0.40546875 0.2546875 0.01875 0.0328125
0 0.85859375 0.26171875 0.0234375 0.046875
0 0.553125 0.2640625 0.0234375 0.046875
0 0.821875 0.2640625 0.0234375 0.0515625
0 0.1015625 0.2640625 0.028125 0.0515625
0 0.73828125 0.26640625 0.0234375 0.046875
0 0.625 0.26640625 0.01875 0.0421875
0 0.58828125 0.26640625 0.0234375 0.0515625
0 0.65546875 0.26640625 0.01875 0.05625
0 0.46796875 0.26640625 0.01875 0.046875
0 0.4328125 0.26875 0.0234375 0.0421875
0 0.3171875 0.26875 0.0234375 0.046875
0 0.25234375 0.2734375 0.0234375 0.046875
0 0.69453125 0.28046875 0.0234375 0.0515625
0 0.2109375 0.28046875 0.028125 0.046875
0 0.5140625 0.28203125 0.028125 0.0421875
0 0.284375 0.284375 0.0234375 0.0609375
0 0.3703125 0.284375 0.01875 0.0375
0 0.78203125 0.29609375 0.01875 0.046875
0 0.3984375 0.29609375 0.0234375 0.046875
0 0.9375 0.340625 0.028125 0.0546875
0 0.071875 0.346875 0.028125 0.0703125
0 0.49296875 0.346875 0.028125 0.0515625
0 0.75234375 0.35625 0.01875 0.028125
0 0.53046875 0.35859375 0.01875 0.03125
0 0.68984375 0.36328125 0.01875 0.046875
0 0.79140625 0.36796875 0.0328125 0.0609375
0 0.9140625 0.3703125 0.0234375 0.0515625
0 0.87265625 0.37265625 0.0328125 0.0609375
0 0.5765625 0.375 0.01875 0.0515625
0 0.446875 0.375 0.0234375 0.05625
0 0.37265625 0.3796875 0.01875 0.0421875
0 0.8890625 0.3796875 0.01875 0.0421875
0 0.96328125 0.38203125 0.028125 0.0515625
0 0.6484375 0.384375 0.028125 0.0515625
0 0.48359375 0.384375 0.01875 0.0375
0 0.6015625 0.384375 0.01875 0.0375
0 0.2015625 0.38671875 0.0234375 0.0515625
0 0.73359375 0.3890625 0.0234375 0.0421875
0 0.76171875 0.39140625 0.0234375 0.0421875
0 0.6203125 0.39375 0.0234375 0.0421875
0 0.52109375 0.39609375 0.028125 0.046875
0 0.2546875 0.39609375 0.01875 0.040625
0 0.8515625 0.403125 0.0234375 0.0703125
0 0.153125 0.403125 0.028125 0.0421875
0 0.303125 0.40546875 0.0234375 0.0515625
0 0.40078125 0.40546875 0.01875 0.0515625
0 0.3171875 0.40703125 0.01875 0.0421875
0 0.715625 0.40703125 0.0234375 0.0515625
0 0.66640625 0.409375 0.01875 0.046875
0 0.68046875 0.41171875 0.01875 0.046875
0 0.55078125 0.41171875 0.0234375 0.0515625
0 0.48359375 0.41171875 0.0234375 0.046875
0 0.4375 0.41640625 0.01875 0.046875
0 0.35390625 0.41875 0.01875 0.0421875
0 0.215625 0.41875 0.0234375 0.046875
0 0.38203125 0.41875 0.0234375 0.046875
0 0.65078125 0.42109375 0.0234375 0.046875
0 0.91171875 0.4234375 0.0234375 0.0609375
0 0.5671875 0.42578125 0.01875 0.0421875
0 0.590625 0.428125 0.01875 0.0421875
0 0.9375 0.43046875 0.0328125 0.0515625
0 0.75234375 0.43046875 0.0328125 0.046875
0 0.428125 0.43046875 0.01875 0.0421875
0 0.740625 0.4328125 0.0140625 0.0515625
0 0.82890625 0.43515625 0.0328125 0.0609375
0 0.14375 0.43515625 0.0234375 0.046875
0 0.178125 0.43984375 0.0234375 0.0515625
0 0.615625 0.4421875 0.01875 0.0515625
0 0.2640625 0.44453125 0.028125 0.0515625
0 0.01640625 0.44453125 0.028125 0.0515625
0 0.69453125 0.44453125 0.03125 0.0515625
0 0.303125 0.45390625 0.0234375 0.046875
0 0.13203125 0.4609375 0.028125 0.065625
0 0.88671875 0.471875 0.0328125 0.05625
0 0.0578125 0.471875 0.01875 0.05625
0 0.84296875 0.48359375 0.0328125 0.065625
0 0.65078125 0.51640625 0.028125 0.0609375
0 0.53203125 0.53203125 0.028125 0.059375
0 0.4953125 0.53203125 0.0234375 0.0421875
0 0.08828125 0.5390625 0.01875 0.0421875
0 0.23125 0.54140625 0.028125 0.046875
0 0.39609375 0.54609375 0.0234375 0.059375
0 0.73359375 0.54609375 0.0234375 0.0515625
0 0.6015625 0.54609375 0.0234375 0.059375
0 0.778125 0.5484375 0.028125 0.0515625
0 0.71328125 0.55546875 0.01875 0.0515625
0 0.43984375 0.56015625 0.028125 0.0515625
0 0.55078125 0.59453125 0.028125 0.0515625
0 0.23125 0.59453125 0.01875 0.0359375
0 0.49296875 0.59453125 0.0234375 0.0515625
0 0.35859375 0.59921875 0.0234375 0.046875
0 0.2984375 0.60625 0.028125 0.0515625
0 0.6828125 0.6109375 0.0421875 0.075
0 0.5765625 0.615625 0.0234375 0.0515625
0 0.93984375 0.61796875 0.0375 0.096875
0 0.45625 0.62265625 0.0234375 0.05625
0 0.63671875 0.625 0.028125 0.065625
0 0.51875 0.625 0.0234375 0.0609375
0 0.178125 0.62734375 0.028125 0.065625
0 0.2546875 0.63203125 0.0328125 0.059375
0 0.34921875 0.64140625 0.028125 0.0515625
0 0.42109375 0.6484375 0.0234375 0.0515625
0 0.61796875 0.65078125 0.0234375 0.059375
0 0.12265625 0.659375 0.0328125 0.075
0 0.384375 0.66640625 0.028125 0.059375
0 0.72421875 0.66640625 0.0421875 0.0890625
0 0.79375 0.67109375 0.0328125 0.075
0 0.49765625 0.68046875 0.0328125 0.059375
0 0.0671875 0.68046875 0.0421875 0.065625
0 0.28046875 0.68515625 0.028125 0.059375
0 0.85859375 0.68984375 0.0328125 0.075
0 0.34453125 0.68984375 0.0234375 0.0515625
0 0.4140625 0.696875 0.0234375 0.046875
0 0.1484375 0.69921875 0.0328125 0.065625
0 0.01875 0.71328125 0.0375 0.0890625