0 0.846875 0.26875 0.028125 0.0515625
0 0.11328125 0.278125 0.0328125 0.0421875
0 0.40546875 0.28203125 0.0328125 0.0375
0 0.8171875 0.28671875 0.0234375 0.040625
0 0.1640625 0.28671875 0.0328125 0.0546875
0 0.98359375 0.2890625 0.0234375 0.0328125
0 0.278125 0.2890625 0.028125 0.0375
0 0.01640625 0.29140625 0.0234375 0.03125
0 0.49296875 0.29375 0.0328125 0.0421875
0 0.2453125 0.29375 0.028125 0.0375
0 0.33828125 0.29609375 0.0375 0.0515625
0 0.1390625 0.2984375 0.0234375 0.040625
0 0.79375 0.30078125 0.028125 0.028125
0 0.01171875 0.303125 0.0234375 0.028125
0 0.69921875 0.303125 0.0234375 0.03125
0 0.4375 0.30546875 0.0328125 0.03125
0 0.92578125 0.3078125 0.0328125 0.028125
0 0.04375 0.31015625 0.028125 0.046875
0 0.7265625 0.31015625 0.028125 0.0546875
0 0.98828125 0.3125 0.0140625 0.0421875
0 0.3078125 0.3125 0.0234375 0.0375
0 0.36796875 0.31484375 0.0234375 0.046875
0 0.509375 0.3171875 0.028125 0.0375
0 0.009375 0.31953125 0.01875 0.03125
0 0.29609375 0.32421875 0.03125 0.0515625
0 0.071875 0.32421875 0.0328125 0.0375
0 0.46796875 0.32421875 0.0328125 0.05625
0 0.9515625 0.3265625 0.0375 0.0640625
0 0.428125 0.32890625 0.0375 0.03125
0 0.83359375 0.32890625 0.0421875 0.0421875
0 0.15546875 0.32890625 0.028125 0.0375
0 0.8703125 0.3359375 0.0375 0.0515625
0 0.92109375 0.3359375 0.0515625 0.046875
0 0.125 0.3359375 0.0328125 0.0609375
0 0.21953125 0.340625 0.0328125 0.046875
0 0.78203125 0.340625 0.028125 0.046875
0 0.59921875 0.34296875 0.0359375 0.0703125
0 0.07421875 0.34453125 0.01875 0.03125
0 0.0140625 0.346875 0.028125 0.03125
0 0.7453125 0.346875 0.0359375 0.0421875
0 0.26875 0.3515625 0.0375 0.0515625
0 0.49296875 0.3515625 0.0328125 0.05625
0 0.56015625 0.3515625 0.028125 0.0515625
0 0.52578125 0.35390625 0.0328125 0.046875
0 0.31484375 0.35625 0.03125 0.046875
0 0.096875 0.35859375 0.0375 0.0515625
0 0.40078125 0.35859375 0.028125 0.046875
0 0.6734375 0.3609375 0.0328125 0.046875
0 0.7015625 0.3609375 0.0421875 0.0609375
0 0.8078125 0.3609375 0.0359375 0.0515625
0 0.98125 0.36328125 0.0375 0.065625
0 0.20390625 0.365625 0.0375 0.0609375
0 0.37265625 0.365625 0.0375 0.0546875
0 0.65703125 0.36796875 0.028125 0.0421875
0 0.33125 0.3703125 0.03125 0.0546875
0 0.83828125 0.37265625 0.0421875 0.0609375
0 0.0140625 0.375 0.028125 0.0515625
0 0.2453125 0.37734375 0.03125 0.0515625
0 0.909375 0.3796875 0.0375 0.0546875
0 0.41875 0.3796875 0.028125 0.046875
0 0.77109375 0.3796875 0.0359375 0.0515625
0 0.04140625 0.3796875 0.0375 0.0703125
0 0.6484375 0.3796875 0.028125 0.0375
0 0.875 0.384375 0.0328125 0.046875
0 0.73359375 0.384375 0.0359375 0.0515625
0 0.31015625 0.384375 0.040625 0.0515625
0 0.0671875 0.3890625 0.03125 0.05625
0 0.16640625 0.39140625 0.0375 0.075
0 0.1875 0.39609375 0.0421875 0.0609375
0 0.58125 0.3984375 0.046875 0.065625
0 0.134375 0.40078125 0.040625 0.0703125
0 0.259375 0.40078125 0.0375 0.0375
0 0.44921875 0.40078125 0.046875 0.075
0 0.6734375 0.403125 0.0328125 0.03125
0 0.81015625 0.403125 0.0359375 0.0515625
0 0.5046875 0.40546875 0.0375 0.065625
0 0.74765625 0.40546875 0.028125 0.0328125
0 0.53671875 0.409375 0.0359375 0.065625
0 0.38671875 0.42109375 0.0375 0.0703125
0 0.6203125 0.42109375 0.03125 0.046875
0 0.64609375 0.42109375 0.0359375 0.075
0 0.78046875 0.4234375 0.03125 0.046875
0 0.928125 0.428125 0.028125 0.046875
0 0.08359375 0.428125 0.046875 0.075
0 0.86328125 0.43046875 0.028125 0.046875
0 0.70859375 0.4328125 0.046875 0.0703125
0 0.884375 0.4375 0.0375 0.046875
0 0.29375 0.4375 0.0515625 0.075
0 0.02578125 0.4421875 0.0375 0.065625
0 0.2359375 0.4421875 0.0421875 0.065625
0 0.4234375 0.44453125 0.046875 0.065625
0 0.83125 0.44453125 0.0515625 0.065625
0 0.75 0.4515625 0.0375 0.05625
0 0.96953125 0.45390625 0.0515625 0.084375
0 0.1875 0.4609375 0.046875 0.0703125
0 0.67578125 0.46328125 0.0421875 0.0703125
0 0.52109375 0.471875 0.0421875 0.0609375
0 0.79609375 0.47890625 0.046875 0.0796875
0 0.63203125 0.48125 0.0359375 0.0796875
0 0.59296875 0.48359375 0.0421875 0.075
0 0.9140625 0.5 0.046875 0.065625
0 0.34453125 0.5 0.046875 0.075
0 0.053125 0.50234375 0.0515625 0.0796875
0 0.8515625 0.509375 0.0609375 0.0890625
0 0.26171875 0.51171875 0.046875 0.075
0 0.47421875 0.51640625 0.0515625 0.0890625
0 0.41640625 0.5234375 0.0421875 0.0796875
0 0.9765625 0.53671875 0.0375 0.1109375
0 0.0578125 0.69453125 0.0703125 0.1109375
0 0.78046875 0.72421875 0.075 0.0890625
0 0.40703125 0.72890625 0.0890625 0.1296875
0 0.96953125 0.73125 0.05625 0.134375
0 0.1828125 0.75234375 0.0703125 0.10625
0 0.096875 0.7984375 0.1015625 0.1609375
0 0.47890625 0.80546875 0.0890625 0.115625
0 0.55546875 0.81015625 0.0703125 0.10625
0 0.76640625 0.83125 0.0890625 0.10625
0 0.20625 0.84296875 0.096875 0.0890625
0 0.61796875 0.85390625 0.065625 0.084375