0 0.23125 0.45390625 0.10625 0.153125
0 0.76640625 0.509375 0.065625 0.10625
0 0.32890625 0.51171875 0.0375 0.0515625
0 0.62265625 0.51171875 0.0421875 0.0421875
0 0.16640625 0.51640625 0.0140625 0.0375
0 0.08125 0.51640625 0.028125 0.028125
0 0.7109375 0.51875 0.01875 0.028125
0 0.13671875 0.52109375 0.046875 0.0703125
0 0.721875 0.52109375 0.01875 0.028125
0 0.18515625 0.52578125 0.0328125 0.0421875
0 0.35859375 0.52578125 0.01875 0.028125
0 0.47890625 0.52578125 0.0140625 0.01875
0 0.6828125 0.528125 0.046875 0.075
0 0.56484375 0.528125 0.0140625 0.0140625
0 0.01171875 0.53046875 0.0234375 0.065625
0 0.49296875 0.53046875 0.0140625 0.01875
0 0.52578125 0.53046875 0.0359375 0.046875
0 0.5484375 0.53203125 0.0140625 0.01875
0 0.0390625 0.534375 0.0609375 0.065625
0 0.50234375 0.534375 0.009375 0.0140625
0 0.57890625 0.534375 0.01875 0.0234375
0 0.37265625 0.53671875 0.01875 0.01875
0 0.39609375 0.53671875 0.0515625 0.059375
0 0.50703125 0.5390625 0.0140625 0.0140625
0 0.71328125 0.54140625 0.0140625 0.0140625
0 0.30078125 0.54609375 0.0375 0.0515625
0 0.44453125 0.553125 0.046875 0.065625
0 0.9515625 0.5578125 0.0703125 0.078125
0 0.634375 0.5625 0.05625 0.065625
0 0.56953125 0.56484375 0.0359375 0.0515625
0 0.08828125 0.58359375 0.0453125 0.0828125
0 0.35859375 0.5859375 0.046875 0.075
0 0.0140625 0.61796875 0.028125 0.065625