0 0.6484375 0.384375 0.0703125 0.040625
0 0.1484375 0.39140625 0.0421875 0.0234375
0 0.92578125 0.40078125 0.0234375 0.01875
0 0.43984375 0.403125 0.125 0.096875
0 0.8125 0.40546875 0.0375 0.0234375
0 0.60625 0.40546875 0.0703125 0.046875
0 0.02109375 0.40546875 0.0328125 0.01875
0 0.11796875 0.40703125 0.01875 0.0140625
0 0.84453125 0.40703125 0.028125 0.0234375
0 0.17578125 0.40703125 0.01875 0.009375
0 0.97421875 0.409375 0.0234375 0.01875
0 0.90078125 0.41171875 0.0375 0.028125
0 0.73125 0.41171875 0.0359375 0.0234375
0 0.75 0.41171875 0.0140625 0.009375
0 0.7640625 0.41171875 0.01875 0.009375
0 0.08828125 0.4140625 0.028125 0.0234375
0 0.11328125 0.4140625 0.0140625 0.0140625
0 0.2734375 0.4140625 0.028125 0.0234375
0 0.990625 0.41640625 0.009375 0.01875
0 0.20390625 0.41640625 0.01875 0.01875
0 0.02578125 0.41640625 0.0328125 0.0234375
0 0.29140625 0.41640625 0.0234375 0.01875
0 0.1484375 0.41640625 0.0421875 0.028125
0 0.0625 0.41640625 0.0375 0.0375
0 0.865625 0.41875 0.0375 0.028125
0 0.3609375 0.42109375 0.040625 0.0328125
0 0.31953125 0.42109375 0.0234375 0.01875
0 0.79609375 0.42109375 0.0359375 0.028125
0 0.9515625 0.4234375 0.0421875 0.028125
0 0.18984375 0.42578125 0.028125 0.0234375
0 0.0140625 0.428125 0.028125 0.0234375
0 0.76640625 0.428125 0.0234375 0.01875
0 0.84453125 0.4328125 0.0328125 0.0234375
0 0.67578125 0.43515625 0.065625 0.046875
0 0.24765625 0.43515625 0.0609375 0.046875
0 0.73828125 0.54375 0.0609375 0.0421875
0 0.96328125 0.5578125 0.065625 0.0359375
0 0.85625 0.5671875 0.0515625 0.0421875