0 0.63203125 0.1203125 0.0546875 0.0703125
0 0.14375 0.13203125 0.0609375 0.1203125
0 0.08828125 0.1484375 0.059375 0.1109375
0 0.62265625 0.1484375 0.0359375 0.0796875
0 0.56484375 0.15078125 0.046875 0.096875
0 0.38671875 0.15546875 0.075 0.0796875
0 0.28671875 0.16640625 0.0515625 0.096875
0 0.7546875 0.16640625 0.059375 0.115625
0 0.47890625 0.16640625 0.0703125 0.1203125
0 0.01875 0.16875 0.0375 0.0796875
0 0.33125 0.1828125 0.0421875 0.09375
0 0.20625 0.1921875 0.0796875 0.1015625
0 0.80546875 0.20625 0.0515625 0.1109375
0 0.85625 0.20625 0.05625 0.1109375
0 0.89140625 0.21328125 0.046875 0.0828125
0 0.73359375 0.221875 0.0546875 0.1203125
0 0.68046875 0.23125 0.065625 0.1390625
0 0.0765625 0.2453125 0.059375 0.1203125
0 0.98125 0.25 0.0375 0.115625
0 0.62734375 0.2546875 0.05625 0.125
0 0.02109375 0.259375 0.0421875 0.1203125
0 0.3890625 0.26640625 0.075 0.1765625
0 0.56484375 0.28046875 0.065625 0.1296875
0 0.45859375 0.29140625 0.0609375 0.1296875
0 0.29375 0.29140625 0.075 0.134375
0 0.95625 0.29609375 0.0609375 0.125
0 0.92109375 0.30546875 0.065625 0.1109375
0 0.7109375 0.321875 0.075 0.084375
0 0.22421875 0.32421875 0.065625 0.125
0 0.7984375 0.33125 0.05625 0.096875
0 0.36796875 0.3359375 0.0546875 0.1390625
0 0.1390625 0.34921875 0.0703125 0.0703125
0 0.340625 0.3515625 0.065625 0.153125
0 0.78671875 0.38671875 0.0828125 0.1578125
0 0.28203125 0.3890625 0.075 0.14375
0 0.759375 0.4421875 0.0796875 0.1296875
0 0.884375 0.4515625 0.09375 0.1390625
0 0.1203125 0.04609375 0.0515625 0.0796875
0 0.2265625 0.45625 0.0796875 0.1484375
0 0.21796875 0.56015625 0.1015625 0.1859375
0 0.17109375 0.60859375 0.134375 0.2265625
0 0.77109375 0.60859375 0.1484375 0.1796875
0 0.65546875 0.61328125 0.0828125 0.18125
0 0.0484375 0.07421875 0.0515625 0.0796875
0 0.20390625 0.0765625 0.05625 0.096875
0 0.3796875 0.0765625 0.0375 0.0703125
0 0.84453125 0.77109375 0.1203125 0.2453125
0 0.25703125 0.08828125 0.046875 0.075
0 0.115625 0.884375 0.1578125 0.221875
0 0.3359375 0.090625 0.0609375 0.084375