0 0.21796875 0.1875 0.0703125 0.10625
0 0.73828125 0.22421875 0.0703125 0.1015625
0 0.29140625 0.23125 0.078125 0.1390625
0 0.35859375 0.240625 0.046875 0.115625
0 0.66171875 0.24296875 0.0515625 0.115625
0 0.16171875 0.2453125 0.0796875 0.125
0 0.56484375 0.25234375 0.0515625 0.10625
0 0.0625 0.26875 0.0703125 0.134375
0 0.41171875 0.28046875 0.075 0.125
0 0.51875 0.28046875 0.065625 0.134375
0 0.8984375 0.284375 0.1015625 0.1625
0 0.46328125 0.2890625 0.0515625 0.115625
0 0.8125 0.29609375 0.065625 0.1203125
0 0.62265625 0.31015625 0.075 0.14375