0 0.19453125 0.4140625 0.01875 0.009375
0 0.16171875 0.41640625 0.009375 0.009375
0 0.303125 0.42109375 0.0140625 0.009375
0 0.68984375 0.42109375 0.009375 0.0046875
0 0.71328125 0.42109375 0.009375 0.0046875
0 0.21953125 0.42109375 0.0046875 0.0046875
0 0.40078125 0.4234375 0.009375 0.009375
0 0.1875 0.4234375 0.0140625 0.009375
0 0.63203125 0.4234375 0.009375 0.0046875
0 0.69921875 0.4234375 0.0140625 0.009375
0 0.55078125 0.42578125 0.0140625 0.009375
0 0.35390625 0.428125 0.009375 0.0046875
0 0.57890625 0.428125 0.009375 0.009375
0 0.596875 0.428125 0.0140625 0.0046875
0 0.37734375 0.43046875 0.0140625 0.009375
0 0.615625 0.43046875 0.0140625 0.009375
0 0.34453125 0.43046875 0.0046875 0.0046875
0 0.284375 0.4328125 0.009375 0.009375
0 0.48125 0.4328125 0.0140625 0.009375
0 0.19921875 0.43515625 0.0140625 0.009375
0 0.053125 0.43515625 0.0140625 0.0140625
0 0.25234375 0.43515625 0.0140625 0.009375
0 0.67578125 0.43515625 0.009375 0.0046875
0 0.73125 0.43515625 0.009375 0.009375
0 0.22421875 0.4375 0.0140625 0.009375
0 0.4609375 0.4375 0.0140625 0.009375
0 0.5765625 0.4375 0.0140625 0.009375
0 0.31015625 0.43984375 0.009375 0.009375
0 0.034375 0.43984375 0.01875 0.009375
0 0.26875 0.4421875 0.0140625 0.009375
0 0.10625 0.4421875 0.0140625 0.009375
0 0.1828125 0.4421875 0.01875 0.009375
0 0.22890625 0.44453125 0.0140625 0.009375
0 0.7265625 0.44453125 0.0140625 0.009375
0 0.37734375 0.44453125 0.0140625 0.009375
0 0.69921875 0.44453125 0.009375 0.0046875
0 0.74765625 0.446875 0.0140625 0.009375
0 0.15078125 0.446875 0.01875 0.009375
0 0.43984375 0.446875 0.01875 0.01875
0 0.1921875 0.44921875 0.01875 0.0140625
0 0.39609375 0.44921875 0.0140625 0.009375
0 0.375 0.4515625 0.0140625 0.009375
0 0.64375 0.4515625 0.01875 0.0140625
0 0.1203125 0.45390625 0.0234375 0.009375
0 0.58359375 0.45390625 0.01875 0.0140625
0 0.6109375 0.45390625 0.0140625 0.009375
0 0.240625 0.45390625 0.01875 0.0140625
0 0.0046875 0.45390625 0.009375 0.009375
0 0.52109375 0.45390625 0.0140625 0.009375
0 0.96328125 0.45390625 0.01875 0.0140625
0 0.090625 0.45390625 0.01875 0.009375
0 0.33359375 0.45625 0.01875 0.0140625
0 0.70390625 0.45625 0.01875 0.0140625
0 0.73359375 0.45625 0.009375 0.0046875
0 0.071875 0.45625 0.0140625 0.0046875
0 0.4765625 0.45859375 0.0140625 0.009375
0 0.384375 0.45859375 0.0140625 0.009375
0 0.428125 0.4609375 0.01875 0.0140625
0 0.48359375 0.4609375 0.0140625 0.009375
0 0.365625 0.46328125 0.0140625 0.009375
0 0.278125 0.46328125 0.01875 0.0140625
0 0.54609375 0.46328125 0.01875 0.0140625
0 0.1015625 0.46328125 0.01875 0.009375
0 0.51640625 0.465625 0.01875 0.0140625
0 0.3984375 0.46796875 0.0140625 0.0140625
0 0.89609375 0.46796875 0.01875 0.009375
0 0.31015625 0.46796875 0.01875 0.0140625
0 0.634375 0.46953125 0.01875 0.0140625
0 0.71953125 0.471875 0.01875 0.0140625
0 0.98125 0.47421875 0.01875 0.0140625
0 0.840625 0.47421875 0.028125 0.0140625
0 0.28671875 0.47890625 0.01875 0.0140625
0 0.69921875 0.47890625 0.0234375 0.0140625
0 0.13671875 0.47890625 0.0234375 0.009375
0 0.77578125 0.47890625 0.01875 0.01875
0 0.81015625 0.47890625 0.01875 0.0140625
0 0.48828125 0.47890625 0.0234375 0.01875
0 0.90546875 0.47890625 0.0140625 0.0140625
0 0.95390625 0.47890625 0.01875 0.0140625
0 0.2359375 0.48125 0.0234375 0.0140625
0 0.75703125 0.48125 0.01875 0.0140625
0 0.93515625 0.48359375 0.0234375 0.01875
0 0.44453125 0.48359375 0.0234375 0.01875
0 0.54609375 0.48359375 0.0234375 0.0140625
0 0.653125 0.4859375 0.0234375 0.0140625
0 0.8265625 0.4859375 0.0140625 0.0140625
0 0.3984375 0.4859375 0.0234375 0.0140625
0 0.9765625 0.48828125 0.0234375 0.0140625
0 0.5046875 0.48828125 0.0234375 0.0140625
0 0.865625 0.48828125 0.01875 0.01875
0 0.14375 0.48828125 0.0234375 0.0140625
0 0.19921875 0.490625 0.0234375 0.0140625
0 0.59453125 0.490625 0.0234375 0.01875
0 0.903125 0.49296875 0.01875 0.01875
0 0.71953125 0.4953125 0.01875 0.0140625
0 0.52578125 0.4953125 0.028125 0.01875
0 0.33359375 0.5 0.0234375 0.01875
0 0.4421875 0.5 0.0234375 0.01875
0 0.7890625 0.5 0.0234375 0.0140625
0 0.98828125 0.509375 0.0234375 0.0234375
0 0.48125 0.509375 0.0234375 0.009375
0 0.08828125 0.51171875 0.028125 0.0140625
0 0.29140625 0.5140625 0.028125 0.01875
0 0.63203125 0.51875 0.0234375 0.01875
0 0.94921875 0.52578125 0.0234375 0.01875
0 0.909375 0.53046875 0.0328125 0.0234375
0 0.028125 0.53203125 0.0375 0.01875
0 0.09296875 0.534375 0.0375 0.01875
0 0.40546875 0.53671875 0.0234375 0.0140625
0 0.80546875 0.54140625 0.0328125 0.01875
0 0.759375 0.54375 0.0359375 0.0234375
0 0.303125 0.54609375 0.040625 0.01875
0 0.5046875 0.5484375 0.0421875 0.0234375
0 0.98828125 0.5484375 0.0234375 0.01875
0 0.2640625 0.55546875 0.0375 0.01875
0 0.53203125 0.55546875 0.028125 0.01875
0 0.05546875 0.5578125 0.0421875 0.01875
0 0.4421875 0.5578125 0.028125 0.0234375
0 0.01875 0.56015625 0.0375 0.028125
0 0.09453125 0.5625 0.0421875 0.0234375
0 0.66171875 0.5671875 0.0421875 0.028125
0 0.77109375 0.56953125 0.028125 0.01875
0 0.27109375 0.571875 0.0234375 0.01875
0 0.58828125 0.57421875 0.0421875 0.0375
0 0.321875 0.57421875 0.0375 0.0234375
0 0.634375 0.57890625 0.0359375 0.028125
0 0.803125 0.58125 0.05625 0.03125
0 0.89375 0.58359375 0.0515625 0.0328125
0 0.22421875 0.60625 0.0609375 0.0359375
0 0.62734375 0.60859375 0.05625 0.0359375
0 0.36796875 0.61796875 0.0546875 0.03125