0 0.40703125 0.18984375 0.03125 0.05625
0 0.28046875 0.20859375 0.0375 0.05625
0 0.1484375 0.20859375 0.0328125 0.0515625
0 0.60859375 0.2109375 0.0359375 0.0609375
0 0.9328125 0.21328125 0.0375 0.0609375
0 0.48828125 0.215625 0.0328125 0.0515625
0 0.34921875 0.21796875 0.0375 0.0609375
0 0.2109375 0.21796875 0.0375 0.0609375
0 0.8515625 0.21953125 0.0328125 0.0609375
0 0.553125 0.221875 0.0359375 0.05625
0 0.68984375 0.221875 0.0328125 0.046875
0 0.76171875 0.22421875 0.0328125 0.0609375
0 0.08125 0.22421875 0.03125 0.0515625
0 0.221875 0.28203125 0.0328125 0.0515625
0 0.30546875 0.29140625 0.03125 0.0546875
0 0.69921875 0.29140625 0.0375 0.0546875
0 0.0671875 0.29375 0.028125 0.0546875
0 0.14140625 0.30078125 0.0328125 0.05625
0 0.596875 0.3078125 0.03125 0.0609375
0 0.509375 0.31015625 0.0328125 0.0546875
0 0.759375 0.32421875 0.0421875 0.0703125
0 0.8890625 0.3265625 0.0328125 0.0546875
0 0.2734375 0.034375 0.0328125 0.05625
0 0.19453125 0.034375 0.0375 0.0609375
0 0.19921875 0.3796875 0.0375 0.0609375
0 0.32421875 0.39140625 0.028125 0.0515625
0 0.40546875 0.39140625 0.028125 0.0546875
0 0.12265625 0.39375 0.028125 0.05625
0 0.44453125 0.39609375 0.0328125 0.046875
0 0.66875 0.3984375 0.03125 0.05625
0 0.571875 0.3984375 0.0328125 0.05625
0 0.04140625 0.40078125 0.0421875 0.065625
0 0.85859375 0.04609375 0.0375 0.05625
0 0.49296875 0.46953125 0.0328125 0.065625
0 0.04609375 0.471875 0.0375 0.05625
0 0.1875 0.4765625 0.0375 0.0609375
0 0.25 0.4765625 0.0375 0.05625
0 0.615625 0.47890625 0.0359375 0.05625
0 0.84453125 0.47890625 0.0421875 0.059375
0 0.10625 0.48125 0.0375 0.0609375
0 0.32421875 0.48125 0.0421875 0.0609375
0 0.98125 0.48359375 0.028125 0.0796875
0 0.43515625 0.48359375 0.0328125 0.05625
0 0.553125 0.490625 0.028125 0.05625
0 0.778125 0.490625 0.03125 0.059375
0 0.384375 0.4953125 0.0375 0.065625
0 0.68984375 0.4953125 0.0359375 0.065625
0 0.909375 0.4953125 0.0375 0.0609375
0 0.95390625 0.05078125 0.028125 0.0609375
0 0.803125 0.053125 0.028125 0.05625
0 0.07890625 0.55546875 0.0375 0.065625
0 0.4765625 0.0578125 0.0328125 0.05625
0 0.22890625 0.58125 0.028125 0.0546875
0 0.553125 0.58359375 0.028125 0.059375
0 0.70625 0.590625 0.0359375 0.059375
0 0.36796875 0.59296875 0.0375 0.059375
0 0.909375 0.59296875 0.0328125 0.0515625
0 0.8609375 0.596875 0.0421875 0.075
0 0.49296875 0.60390625 0.028125 0.05625
0 0.303125 0.66875 0.0375 0.065625
0 0.10390625 0.67109375 0.0359375 0.059375
0 0.0390625 0.67578125 0.028125 0.0609375
0 0.9765625 0.68046875 0.0421875 0.065625
0 0.4609375 0.6828125 0.0375 0.075
0 0.92109375 0.6828125 0.0421875 0.0703125
0 0.38203125 0.68515625 0.0375 0.0515625
0 0.76875 0.6875 0.0421875 0.065625
0 0.83828125 0.6875 0.0375 0.065625
0 0.2453125 0.6921875 0.0375 0.0703125
0 0.55546875 0.69453125 0.0359375 0.065625
0 0.63671875 0.696875 0.0328125 0.059375
0 0.70625 0.70390625 0.0421875 0.065625
0 0.2890625 0.78203125 0.0328125 0.0703125
0 0.365625 0.78203125 0.0375 0.0703125
0 0.615625 0.7890625 0.0359375 0.0703125
0 0.14140625 0.7890625 0.0328125 0.075
0 0.76640625 0.7984375 0.03125 0.0515625
0 0.1921875 0.80078125 0.0375 0.075
0 0.71328125 0.803125 0.0359375 0.0703125
0 0.96953125 0.80546875 0.0421875 0.065625
0 0.91171875 0.8125 0.0375 0.0609375
0 0.83125 0.81484375 0.0375 0.0609375
0 0.034375 0.81953125 0.0421875 0.065625
0 0.52109375 0.83125 0.0421875 0.075
0 0.5671875 0.08359375 0.03125 0.0609375
0 0.4609375 0.89140625 0.0421875 0.05625
0 0.39375 0.90078125 0.0421875 0.065625
0 0.1875 0.90546875 0.0375 0.0796875
0 0.70390625 0.90703125 0.0421875 0.065625
0 0.26640625 0.91640625 0.0375 0.0796875
0 0.5390625 0.92109375 0.0375 0.05625
0 0.846875 0.97421875 0.0375 0.046875
0 0.0390625 0.97890625 0.0375 0.0421875
0 0.32890625 0.98125 0.03125 0.0375
0 0.25234375 0.98828125 0.040625 0.01875
0 0.67109375 0.98828125 0.03125 0.01875
0 0.23828125 0.10625 0.0328125 0.05625
0 0.41875 0.10625 0.0375 0.065625
0 0.58359375 0.1203125 0.0328125 0.065625
0 0.12734375 0.1203125 0.0328125 0.0609375
0 0.30078125 0.12265625 0.0328125 0.05625
0 0.0625 0.1296875 0.0328125 0.05625
0 0.8796875 0.13203125 0.028125 0.0515625
0 0.81015625 0.134375 0.0359375 0.046875
0 0.53203125 0.134375 0.028125 0.05625
0 0.73125 0.14375 0.0359375 0.05625