0 0.49765625 0.10625 0.0375 0.0515625
0 0.89375 0.10859375 0.0421875 0.0515625
0 0.3703125 0.1109375 0.0375 0.046875
0 0.30078125 0.115625 0.0328125 0.0515625
0 0.0140625 0.12265625 0.028125 0.046875
0 0.7734375 0.125 0.0421875 0.0515625
0 0.5625 0.134375 0.0328125 0.0328125
0 0.8265625 0.134375 0.0375 0.0515625
0 0.9328125 0.14375 0.0421875 0.05625
0 0.07421875 0.14375 0.0328125 0.0515625
0 0.46953125 0.15078125 0.0328125 0.0609375
0 0.6875 0.16171875 0.0375 0.05625
0 0.7890625 0.16171875 0.0328125 0.046875
0 0.615625 0.1640625 0.0359375 0.05625
0 0.553125 0.1640625 0.0328125 0.0421875
0 0.38203125 0.16640625 0.028125 0.040625
0 0.44921875 0.01640625 0.0421875 0.0328125
0 0.33359375 0.16640625 0.03125 0.05625
0 0.0578125 0.1734375 0.0359375 0.046875
0 0.071875 0.01875 0.0359375 0.0375
0 0.11796875 0.02109375 0.0421875 0.0421875
0 0.10390625 0.19453125 0.0328125 0.0375
0 0.91875 0.19453125 0.0328125 0.0515625
0 0.2890625 0.02109375 0.0234375 0.0375
0 0.76171875 0.19921875 0.0375 0.046875
0 0.4859375 0.2015625 0.0375 0.05625
0 0.6734375 0.20625 0.0359375 0.0421875
0 0.04140625 0.20859375 0.01875 0.0328125
0 0.55546875 0.215625 0.0359375 0.0453125
0 0.17578125 0.21953125 0.0375 0.0609375
0 0.625 0.221875 0.0375 0.0515625
0 0.96328125 0.2359375 0.0375 0.0515625
0 0.10859375 0.240625 0.03125 0.046875
0 0.0390625 0.2453125 0.0375 0.0609375
0 0.01875 0.24765625 0.028125 0.0515625
0 0.80546875 0.24765625 0.0421875 0.046875
0 0.903125 0.25 0.0375 0.0515625
0 0.571875 0.25234375 0.028125 0.046875
0 0.71796875 0.26171875 0.03125 0.046875
0 0.62734375 0.27109375 0.0328125 0.0515625
0 0.45859375 0.28046875 0.0515625 0.0703125
0 0.3359375 0.28203125 0.028125 0.046875
0 0.26171875 0.29140625 0.0375 0.0546875
0 0.14140625 0.29375 0.028125 0.0515625
0 0.865625 0.29609375 0.0421875 0.0515625
0 0.98359375 0.2984375 0.0234375 0.0515625
0 0.19453125 0.2984375 0.0375 0.0546875
0 0.7890625 0.30078125 0.0375 0.0515625
0 0.715625 0.3078125 0.0359375 0.046875
0 0.40703125 0.31953125 0.028125 0.0515625
0 0.52109375 0.321875 0.0359375 0.040625
0 0.58828125 0.321875 0.0421875 0.0609375
0 0.64140625 0.32421875 0.0421875 0.046875
0 0.09453125 0.33359375 0.0328125 0.0515625
0 0.46328125 0.33359375 0.0375 0.0515625
0 0.18984375 0.03203125 0.0375 0.05625
0 0.52578125 0.33828125 0.0328125 0.0515625
0 0.22421875 0.34296875 0.0375 0.0609375
0 0.97421875 0.34296875 0.0375 0.0546875
0 0.77109375 0.34453125 0.0359375 0.0546875
0 0.284375 0.34453125 0.03125 0.0609375
0 0.0234375 0.34453125 0.0421875 0.065625
0 0.34921875 0.346875 0.03125 0.0546875
0 0.678125 0.3515625 0.0359375 0.0515625
0 0.16640625 0.3515625 0.0328125 0.046875
0 0.85390625 0.35390625 0.0328125 0.0515625
0 0.59921875 0.36796875 0.0359375 0.0515625
0 0.3265625 0.3703125 0.028125 0.046875
0 0.38671875 0.3703125 0.0375 0.046875
0 0.46328125 0.37265625 0.0421875 0.0640625
0 0.65546875 0.384375 0.0359375 0.0546875
0 0.821875 0.39140625 0.0421875 0.0703125
0 0.8984375 0.39140625 0.0375 0.065625
0 0.5140625 0.39609375 0.0359375 0.0546875
0 0.72421875 0.40546875 0.0359375 0.05625
0 0.57421875 0.4140625 0.0375 0.0515625
0 0.3515625 0.42109375 0.0421875 0.0609375
0 0.4140625 0.4234375 0.0421875 0.0640625
0 0.03671875 0.43046875 0.0375 0.05625
0 0.14609375 0.4328125 0.0328125 0.046875
0 0.284375 0.43515625 0.03125 0.05625
0 0.22421875 0.44453125 0.0375 0.046875
0 0.93984375 0.446875 0.0421875 0.05625
0 0.7546875 0.45625 0.0421875 0.0515625
0 0.8515625 0.45859375 0.0421875 0.0515625
0 0.65078125 0.45859375 0.0359375 0.0609375
0 0.14375 0.47421875 0.0375 0.05625
0 0.20625 0.47890625 0.0328125 0.0328125
0 0.31015625 0.48125 0.0375 0.0515625
0 0.45859375 0.4859375 0.0515625 0.05625
0 0.0625 0.4859375 0.0328125 0.046875
0 0.384375 0.48828125 0.040625 0.0515625
0 0.590625 0.05078125 0.03125 0.0515625
0 0.840625 0.5140625 0.0375 0.046875
0 0.74296875 0.51640625 0.0359375 0.046875
0 0.490625 0.51640625 0.0359375 0.0546875
0 0.41640625 0.51875 0.0375 0.0546875
0 0.57421875 0.51875 0.0375 0.0546875
0 0.98125 0.5234375 0.028125 0.065625
0 0.64140625 0.52578125 0.0515625 0.065625
0 0.20390625 0.528125 0.0328125 0.0421875
0 0.09921875 0.534375 0.0375 0.0515625
0 0.96328125 0.5578125 0.0375 0.065625
0 0.27109375 0.5671875 0.03125 0.0421875
0 0.8609375 0.571875 0.0421875 0.075
0 0.34453125 0.57421875 0.0421875 0.0609375
0 0.01875 0.57421875 0.03125 0.0515625
0 0.65546875 0.0578125 0.0359375 0.05625
0 0.4328125 0.57890625 0.028125 0.0421875
0 0.51171875 0.57890625 0.0421875 0.059375
0 0.61328125 0.58359375 0.0375 0.0515625
0 0.66875 0.58359375 0.0359375 0.0421875
0 0.76171875 0.5859375 0.046875 0.0609375
0 0.16875 0.59296875 0.0375 0.059375
0 0.09453125 0.60390625 0.0328125 0.0515625
0 0.45625 0.6390625 0.0421875 0.065625
0 0.35859375 0.6390625 0.0515625 0.0703125
0 0.2734375 0.64140625 0.046875 0.075
0 0.8125 0.64609375 0.046875 0.0421875
0 0.58125 0.64609375 0.0421875 0.065625
0 0.75234375 0.6484375 0.0421875 0.065625
0 0.5234375 0.06484375 0.0375 0.059375
0 0.0140625 0.65078125 0.028125 0.05625
0 0.08125 0.65703125 0.03125 0.046875
0 0.153125 0.659375 0.0328125 0.0546875
0 0.38203125 0.0671875 0.03125 0.0546875
0 0.509375 0.678125 0.0375 0.059375
0 0.90546875 0.68515625 0.0375 0.05625
0 0.24296875 0.68984375 0.0375 0.05625
0 0.69453125 0.6921875 0.0359375 0.065625
0 0.28203125 0.06953125 0.03125 0.046875
0 0.18984375 0.6921875 0.0375 0.0546875
0 0.98828125 0.69453125 0.0234375 0.065625
0 0.6015625 0.696875 0.0375 0.05625
0 0.16171875 0.69921875 0.028125 0.046875
0 0.4140625 0.70390625 0.0421875 0.0515625
0 0.846875 0.70390625 0.046875 0.059375
0 0.803125 0.70390625 0.0421875 0.059375
0 0.09296875 0.70625 0.03125 0.065625
0 0.3265625 0.7109375 0.0515625 0.0609375
0 0.05078125 0.7109375 0.0375 0.0609375
0 0.33359375 0.71796875 0.040625 0.065625
0 0.23359375 0.721875 0.0375 0.046875
0 0.40078125 0.72421875 0.0421875 0.065625
0 0.91875 0.73125 0.0375 0.065625
0 0.90703125 0.07421875 0.0375 0.0328125
0 0.67578125 0.7359375 0.0515625 0.059375
0 0.56015625 0.73828125 0.0359375 0.05625
0 0.7265625 0.74765625 0.046875 0.059375
0 0.528125 0.75 0.0359375 0.065625
0 0.115625 0.75234375 0.028125 0.05625
0 0.4375 0.7546875 0.0375 0.059375
0 0.4859375 0.7546875 0.046875 0.0703125
0 0.01640625 0.76171875 0.0328125 0.0609375
0 0.634375 0.77578125 0.0359375 0.0703125
0 0.86328125 0.07890625 0.0375 0.0515625
0 0.1484375 0.08125 0.0328125 0.0515625
0 0.778125 0.08125 0.0359375 0.03125
0 0.70859375 0.08359375 0.0328125 0.046875
0 0.44921875 0.0859375 0.0375 0.0515625
0 0.21953125 0.09921875 0.028125 0.05625