0 0.36328125 0.08828125 0.0703125 0.096875
0 0.16875 0.1484375 0.06875 0.125
0 0.28046875 0.153125 0.078125 0.1109375
0 0.46796875 0.15703125 0.0796875 0.115625
0 0.571875 0.17109375 0.0828125 0.1109375
0 0.09296875 0.17109375 0.09375 0.14375
0 0.3890625 0.19921875 0.0796875 0.1484375
0 0.78046875 0.2109375 0.078125 0.1109375
0 0.94453125 0.22421875 0.1109375 0.1953125
0 0.5390625 0.27109375 0.125 0.175
0 0.178125 0.278125 0.125 0.1703125
0 0.3359375 0.3078125 0.09375 0.153125
0 0.8359375 0.3515625 0.1015625 0.1765625