0 0.34296875 0.2109375 0.084375 0.190625
0 0.62734375 0.2453125 0.09375 0.18125
0 0.803125 0.278125 0.10625 0.221875
0 0.18046875 0.29375 0.084375 0.2046875
0 0.5234375 0.32421875 0.09375 0.1953125
0 0.31015625 0.3984375 0.0875 0.2046875
0 0.38203125 0.41171875 0.0703125 0.1296875
0 0.23828125 0.5140625 0.0703125 0.153125
0 0.16171875 0.51875 0.075 0.21875
0 0.69453125 0.56015625 0.10625 0.190625
0 0.47421875 0.5671875 0.09375 0.209375
0 0.5765625 0.58359375 0.0890625 0.1953125
0 0.85625 0.64375 0.09375 0.21875