0 0.50234375 0.1296875 0.0421875 0.0734375
0 0.77578125 0.16640625 0.0359375 0.05625
0 0.69921875 0.16640625 0.0328125 0.046875
0 0.80546875 0.18984375 0.0375 0.05625
0 0.965625 0.1921875 0.0421875 0.0453125
0 0.90546875 0.196875 0.0375 0.05625
0 0.8609375 0.20390625 0.0421875 0.05625
0 0.62734375 0.20390625 0.0234375 0.0328125
0 0.07421875 0.20390625 0.065625 0.0875
0 0.44921875 0.21796875 0.0515625 0.0609375
0 0.5765625 0.21796875 0.0234375 0.0328125
0 0.17109375 0.21796875 0.0515625 0.0609375
0 0.7453125 0.22890625 0.0515625 0.0609375
0 0.32890625 0.23359375 0.0421875 0.0703125
0 0.9515625 0.25703125 0.0375 0.0546875
0 0.54140625 0.27109375 0.0234375 0.046875
0 0.87265625 0.27109375 0.0421875 0.075
0 0.83125 0.2734375 0.0421875 0.065625
0 0.384375 0.27578125 0.046875 0.0640625
0 0.98125 0.28671875 0.028125 0.0640625
0 0.928125 0.2890625 0.0375 0.05625
0 0.73359375 0.29375 0.0421875 0.078125
0 0.303125 0.30546875 0.0515625 0.0703125
0 0.60859375 0.3078125 0.0515625 0.075
0 0.42578125 0.3125 0.0515625 0.0796875
0 0.1921875 0.31484375 0.06875 0.115625
0 0.1109375 0.32421875 0.046875 0.075
0 0.5671875 0.32421875 0.0515625 0.075
0 0.76875 0.32421875 0.028125 0.05625
0 0.490625 0.33125 0.0703125 0.084375
0 0.70625 0.33125 0.0515625 0.084375
0 0.95859375 0.33359375 0.0421875 0.0546875
0 0.66171875 0.346875 0.05625 0.078125
0 0.7890625 0.35625 0.0375 0.065625
0 0.90546875 0.36796875 0.0609375 0.09375
0 0.25234375 0.3796875 0.0640625 0.0890625
0 0.48125 0.3984375 0.065625 0.096875
0 0.590625 0.41640625 0.075 0.10625
0 0.3265625 0.4421875 0.096875 0.125
0 0.76875 0.446875 0.065625 0.1015625
0 0.1296875 0.4609375 0.06875 0.10625
0 0.05546875 0.4609375 0.1109375 0.171875
0 0.90546875 0.50234375 0.0796875 0.1390625
0 0.6921875 0.52578125 0.078125 0.1109375
0 0.49765625 0.59296875 0.084375 0.1390625
0 0.5671875 0.59921875 0.0890625 0.10625
0 0.3984375 0.6015625 0.1203125 0.1625
0 0.16875 0.64375 0.125 0.1953125
0 0.76875 0.68046875 0.0828125 0.115625
0 0.9515625 0.70625 0.096875 0.203125
0 0.6921875 0.79375 0.115625 0.18125