0 0.90703125 0.1828125 0.01875 0.0328125
0 0.875 0.196875 0.0140625 0.028125
0 0.88671875 0.19921875 0.0140625 0.0375
0 0.9375 0.2015625 0.0140625 0.0328125
0 0.84921875 0.2015625 0.01875 0.0328125
0 0.971875 0.20859375 0.0234375 0.0421875
0 0.9140625 0.21328125 0.0234375 0.0375
0 0.8265625 0.221875 0.028125 0.05625
0 0.903125 0.221875 0.01875 0.01875
0 0.8703125 0.23359375 0.028125 0.0421875
0 0.9375 0.23828125 0.0234375 0.0328125
0 0.909375 0.24296875 0.01875 0.0375
0 0.82890625 0.25703125 0.0234375 0.0515625
0 0.9421875 0.26640625 0.028125 0.046875
0 0.88203125 0.26875 0.0328125 0.0515625
0 0.96328125 0.30078125 0.046875 0.0703125
0 0.39140625 0.303125 0.0421875 0.0703125
0 0.63203125 0.34453125 0.03125 0.0421875
0 0.52109375 0.3515625 0.0421875 0.0703125
0 0.6828125 0.36328125 0.065625 0.084375
0 0.26640625 0.37734375 0.0515625 0.075
0 0.4234375 0.3796875 0.0328125 0.065625
0 0.47421875 0.3890625 0.0796875 0.0796875
0 0.9859375 0.3890625 0.028125 0.0890625
0 0.0765625 0.409375 0.0796875 0.096875
0 0.59296875 0.41640625 0.0234375 0.0328125
0 0.2015625 0.42109375 0.065625 0.075
0 0.7640625 0.4421875 0.0359375 0.0375
0 0.95390625 0.46953125 0.0703125 0.0890625
0 0.178125 0.48125 0.0828125 0.075
0 0.821875 0.52109375 0.10625 0.1296875
0 0.509375 0.5484375 0.10625 0.1625
0 0.14375 0.61328125 0.1390625 0.221875
0 0.66875 0.66171875 0.153125 0.2640625