0 0.29609375 0.284375 0.075 0.1671875
0 0.5390625 0.321875 0.065625 0.14375
0 0.65703125 0.321875 0.065625 0.1390625
0 0.7890625 0.33828125 0.0609375 0.1390625
0 0.39140625 0.36796875 0.0515625 0.1109375
0 0.14140625 0.3984375 0.0875 0.23125
0 0.071875 0.40546875 0.0796875 0.1859375
0 0.8515625 0.409375 0.0796875 0.1765625
0 0.45390625 0.42109375 0.075 0.1765625
0 0.2265625 0.43984375 0.096875 0.184375
0 0.73125 0.45625 0.065625 0.1671875
0 0.946875 0.46953125 0.065625 0.190625
0 0.53046875 0.48359375 0.075 0.1578125
0 0.66640625 0.5046875 0.065625 0.153125
0 0.35859375 0.50703125 0.075 0.1671875
0 0.81015625 0.54375 0.0828125 0.1390625