0 0.03046875 0.43515625 0.0421875 0.0609375
0 0.1734375 0.45859375 0.046875 0.09375
0 0.07421875 0.46796875 0.0328125 0.065625
0 0.14609375 0.48125 0.05625 0.0796875
0 0.028125 0.5140625 0.05625 0.1203125
0 0.21796875 0.51875 0.0375 0.0515625
0 0.71328125 0.52109375 0.0046875 0.0046875
0 0.721875 0.52578125 0.0046875 0.009375
0 0.29140625 0.53671875 0.009375 0.01875
0 0.10859375 0.54375 0.0515625 0.096875
0 0.58359375 0.5484375 0.0046875 0.009375
0 0.909375 0.5484375 0.009375 0.0140625
0 0.38671875 0.55078125 0.0046875 0.0140625
0 0.53203125 0.55078125 0.0140625 0.01875
0 0.625 0.55078125 0.0046875 0.0046875
0 0.6390625 0.55078125 0.009375 0.009375
0 0.68515625 0.55078125 0.009375 0.009375
0 0.2890625 0.55078125 0.009375 0.01875
0 0.3359375 0.55078125 0.0046875 0.009375
0 0.375 0.553125 0.0046875 0.01875
0 0.60859375 0.553125 0.0046875 0.0046875
0 0.9421875 0.553125 0.009375 0.009375
0 0.95390625 0.553125 0.009375 0.009375
0 0.31484375 0.55546875 0.009375 0.0140625
0 0.56015625 0.55546875 0.0046875 0.0140625
0 0.61796875 0.55546875 0.0046875 0.0046875
0 0.30078125 0.55546875 0.0140625 0.0140625
0 0.32890625 0.5578125 0.0046875 0.009375
0 0.41875 0.5578125 0.009375 0.009375
0 0.50234375 0.5578125 0.009375 0.01875
0 0.596875 0.5578125 0.009375 0.009375
0 0.365625 0.5578125 0.009375 0.0140625
0 0.26171875 0.56015625 0.009375 0.01875
0 0.3515625 0.56015625 0.0140625 0.0234375
0 0.61328125 0.56015625 0.0046875 0.0046875
0 0.90703125 0.5625 0.009375 0.0140625
0 0.45390625 0.5625 0.009375 0.0140625
0 0.4765625 0.5625 0.0046875 0.009375
0 0.46328125 0.5625 0.009375 0.0140625
0 0.490625 0.5625 0.0140625 0.01875
0 0.90078125 0.56484375 0.0046875 0.0046875
0 0.39375 0.56484375 0.009375 0.0140625
0 0.44453125 0.5671875 0.009375 0.01875
0 0.89375 0.5671875 0.009375 0.01875
0 0.94921875 0.5671875 0.009375 0.009375
0 0.52578125 0.56953125 0.009375 0.01875
0 0.29609375 0.56953125 0.009375 0.009375
0 0.43046875 0.571875 0.009375 0.01875
0 0.571875 0.571875 0.009375 0.009375
0 0.4765625 0.57421875 0.0140625 0.01875
0 0.45625 0.57421875 0.009375 0.0140625
0 0.403125 0.5765625 0.009375 0.01875
0 0.590625 0.5765625 0.0140625 0.0140625
0 0.48828125 0.5765625 0.009375 0.0140625
0 0.55078125 0.5765625 0.0140625 0.01875
0 0.56484375 0.5765625 0.009375 0.009375
0 0.4140625 0.5765625 0.0140625 0.01875
0 0.6828125 0.58125 0.0140625 0.028125
0 0.3703125 0.58359375 0.0234375 0.046875
0 0.5046875 0.58359375 0.01875 0.01875
0 0.53203125 0.58359375 0.01875 0.01875
0 0.28046875 0.58359375 0.0234375 0.0359375
0 0.46796875 0.5859375 0.01875 0.028125
0 0.5765625 0.5859375 0.0140625 0.01875
0 0.60390625 0.5859375 0.0140625 0.01875
0 0.44921875 0.58828125 0.0140625 0.009375
0 0.39375 0.58828125 0.0140625 0.0234375
0 0.4953125 0.58828125 0.009375 0.01875
0 0.42109375 0.590625 0.0140625 0.01875
0 0.590625 0.590625 0.0140625 0.01875
0 0.625 0.590625 0.01875 0.01875
0 0.71796875 0.590625 0.0140625 0.028125
0 0.48125 0.59296875 0.0140625 0.01875
0 0.80078125 0.59296875 0.0140625 0.028125
0 0.64375 0.59453125 0.0140625 0.01875
0 0.5625 0.59453125 0.0140625 0.0140625
0 0.446875 0.596875 0.01875 0.01875
0 0.59921875 0.596875 0.0140625 0.01875
0 0.34453125 0.59921875 0.01875 0.0359375
0 0.41171875 0.6015625 0.01875 0.0234375
0 0.43046875 0.6015625 0.009375 0.009375
0 0.78203125 0.6015625 0.01875 0.01875
0 0.82890625 0.60390625 0.0140625 0.01875
0 0.46328125 0.60625 0.009375 0.0140625
0 0.653125 0.60625 0.0140625 0.0234375
0 0.51171875 0.60625 0.01875 0.028125
0 0.56953125 0.60625 0.0140625 0.0234375
0 0.68984375 0.6109375 0.01875 0.0328125
0 0.81953125 0.6109375 0.01875 0.028125
0 0.91875 0.6109375 0.0234375 0.0328125
0 0.66875 0.61328125 0.01875 0.0328125
0 0.4953125 0.615625 0.0234375 0.0328125
0 0.61796875 0.615625 0.01875 0.0328125
0 0.31484375 0.615625 0.040625 0.0796875
0 0.78046875 0.615625 0.0140625 0.0234375
0 0.634375 0.61796875 0.01875 0.0234375
0 0.94921875 0.6203125 0.0234375 0.0359375
0 0.42109375 0.6203125 0.0140625 0.01875
0 0.43046875 0.6203125 0.009375 0.01875
0 0.75 0.6203125 0.0140625 0.028125
0 0.70859375 0.625 0.01875 0.0234375
0 0.76640625 0.625 0.028125 0.0328125
0 0.48125 0.625 0.0234375 0.0375
0 0.57890625 0.625 0.01875 0.0234375
0 0.446875 0.62734375 0.0234375 0.0359375
0 0.8359375 0.62734375 0.0234375 0.0328125
0 0.8796875 0.62734375 0.0234375 0.0234375
0 0.46328125 0.6296875 0.01875 0.0234375
0 0.8125 0.6296875 0.01875 0.028125
0 0.51171875 0.63203125 0.0140625 0.01875
0 0.7265625 0.63203125 0.0234375 0.03125
0 0.528125 0.63671875 0.01875 0.01875
0 0.6015625 0.6390625 0.028125 0.0328125
0 0.42109375 0.64140625 0.0140625 0.0234375
0 0.99296875 0.64140625 0.0140625 0.03125
0 0.40546875 0.64375 0.0140625 0.01875
0 0.85859375 0.64375 0.0234375 0.0359375
0 0.91640625 0.64609375 0.028125 0.0328125
0 0.70390625 0.6484375 0.0234375 0.028125
0 0.87734375 0.653125 0.01875 0.03125
0 0.509375 0.653125 0.01875 0.028125
0 0.55078125 0.65546875 0.028125 0.0359375
0 0.64375 0.65546875 0.0234375 0.03125
0 0.73125 0.65703125 0.0234375 0.028125
0 0.79140625 0.659375 0.0328125 0.0546875
0 0.98125 0.66171875 0.028125 0.028125
0 0.8984375 0.6640625 0.0328125 0.046875
0 0.82421875 0.66640625 0.028125 0.0359375
0 0.38203125 0.66640625 0.03125 0.0328125
0 0.9421875 0.67578125 0.0421875 0.05625
0 0.4859375 0.67578125 0.0375 0.0515625
0 0.528125 0.68046875 0.0234375 0.03125
0 0.58828125 0.68046875 0.0328125 0.0546875
0 0.8515625 0.6875 0.028125 0.046875
0 0.625 0.68984375 0.0328125 0.059375
0 0.67578125 0.6921875 0.0421875 0.065625
0 0.76875 0.69921875 0.03125 0.065625
0 0.87265625 0.70390625 0.0375 0.065625
0 0.70625 0.70859375 0.0234375 0.0359375
0 0.98359375 0.70859375 0.028125 0.059375
0 0.73828125 0.71328125 0.0234375 0.028125
0 0.91171875 0.721875 0.0375 0.065625
0 0.51875 0.72421875 0.028125 0.046875
0 0.80546875 0.7265625 0.0375 0.0328125
0 0.56484375 0.72890625 0.0421875 0.05625
0 0.41875 0.77109375 0.09375 0.1671875
0 0.73125 0.778125 0.0515625 0.0796875
0 0.80546875 0.78046875 0.0375 0.065625
0 0.67109375 0.7890625 0.065625 0.09375
0 0.2359375 0.846875 0.1296875 0.2265625
0 0.84296875 0.87734375 0.0703125 0.0890625
0 0.5578125 0.8984375 0.125 0.1859375
0 0.77109375 0.9328125 0.0796875 0.1296875