0 0.66171875 0.028125 0.0359375 0.05625
0 0.05546875 0.259375 0.028125 0.084375
0 0.02578125 0.259375 0.0375 0.096875
0 0.29140625 0.259375 0.028125 0.084375
0 0.56484375 0.26171875 0.046875 0.065625
0 0.54375 0.2640625 0.0234375 0.084375
0 0.45390625 0.2640625 0.0328125 0.0609375
0 0.21796875 0.27109375 0.0328125 0.084375
0 0.62265625 0.2734375 0.0359375 0.065625
0 0.89140625 0.278125 0.0375 0.0890625
0 0.51875 0.29140625 0.0359375 0.09375
0 0.340625 0.29375 0.03125 0.084375
0 0.009375 0.29609375 0.01875 0.075
0 0.09921875 0.03046875 0.0328125 0.0609375
0 0.06171875 0.03203125 0.0359375 0.0640625
0 0.1828125 0.303125 0.0421875 0.084375
0 0.696875 0.303125 0.0328125 0.084375
0 0.27578125 0.31484375 0.028125 0.0703125
0 0.76171875 0.31484375 0.0421875 0.1015625
0 0.10390625 0.31484375 0.0328125 0.0546875
0 0.66875 0.321875 0.0359375 0.09375
0 0.14140625 0.32421875 0.0328125 0.09375
0 0.8703125 0.03203125 0.028125 0.0640625
0 0.9578125 0.03203125 0.028125 0.0640625
0 0.5765625 0.3265625 0.0328125 0.1015625
0 0.6390625 0.3359375 0.0328125 0.1109375
0 0.8171875 0.340625 0.0328125 0.096875
0 0.4421875 0.34453125 0.0328125 0.096875
0 0.23125 0.34921875 0.0375 0.096875
0 0.60859375 0.34921875 0.03125 0.10625
0 0.48359375 0.034375 0.0234375 0.065625
0 0.21328125 0.03671875 0.0328125 0.0703125
0 0.58125 0.03671875 0.028125 0.0609375
0 0.01875 0.35390625 0.0375 0.1015625
0 0.83828125 0.35390625 0.028125 0.078125
0 0.071875 0.35625 0.028125 0.1015625
0 0.409375 0.35859375 0.0328125 0.075
0 0.36328125 0.36328125 0.0421875 0.0703125
0 0.53046875 0.36328125 0.0359375 0.09375
0 0.91640625 0.365625 0.0375 0.09375
0 0.009375 0.0390625 0.01875 0.078125
0 0.32421875 0.37734375 0.0328125 0.0796875
0 0.73359375 0.38203125 0.0359375 0.09375
0 0.9765625 0.38203125 0.0375 0.1109375
0 0.1734375 0.384375 0.0328125 0.0703125
0 0.490625 0.384375 0.0328125 0.09375
0 0.29140625 0.384375 0.028125 0.0875
0 0.11328125 0.38671875 0.0421875 0.0890625
0 0.20390625 0.40078125 0.0328125 0.09375
0 0.8984375 0.42578125 0.0421875 0.09375
0 0.15703125 0.428125 0.0328125 0.096875
0 0.09453125 0.43515625 0.0328125 0.0875
0 0.60390625 0.446875 0.0421875 0.10625
0 0.8078125 0.45625 0.0359375 0.09375
0 0.56953125 0.4609375 0.0359375 0.0890625
0 0.07421875 0.46328125 0.0328125 0.09375
0 0.77109375 0.465625 0.0359375 0.0890625
0 0.7734375 0.0484375 0.0328125 0.09375
0 0.66875 0.4859375 0.03125 0.084375
0 0.43515625 0.490625 0.0328125 0.0890625
0 0.471875 0.49296875 0.0328125 0.0515625
0 0.7453125 0.4953125 0.0359375 0.096875
0 0.196875 0.4953125 0.0375 0.10625
0 0.51875 0.49765625 0.046875 0.084375
0 0.6828125 0.05078125 0.028125 0.065625
0 0.30078125 0.5 0.0234375 0.05625
0 0.365625 0.5140625 0.0234375 0.059375
0 0.9234375 0.52109375 0.0421875 0.096875
0 0.54375 0.52109375 0.028125 0.0609375
0 0.884375 0.528125 0.0328125 0.0890625
0 0.721875 0.53046875 0.0359375 0.096875
0 0.41640625 0.534375 0.0328125 0.0703125
0 0.05078125 0.534375 0.0328125 0.0890625
0 0.26875 0.5390625 0.03125 0.1015625
0 0.66171875 0.5390625 0.0359375 0.075
0 0.08359375 0.54375 0.0375 0.1015625
0 0.8125 0.54375 0.0234375 0.065625
0 0.98359375 0.05546875 0.028125 0.09375
0 0.5859375 0.553125 0.0375 0.09375
0 0.30546875 0.55546875 0.0234375 0.065625
0 0.45390625 0.55546875 0.0328125 0.065625
0 0.16875 0.5578125 0.040625 0.0890625
0 0.70625 0.56015625 0.0359375 0.0890625
0 0.52578125 0.5671875 0.0359375 0.065625
0 0.1203125 0.5671875 0.0375 0.10625
0 0.48828125 0.56953125 0.0421875 0.0828125
0 0.32890625 0.5765625 0.0234375 0.065625
0 0.85859375 0.57890625 0.0328125 0.09375
0 0.39375 0.58125 0.0328125 0.065625
0 0.95859375 0.58359375 0.0328125 0.0890625
0 0.78203125 0.59296875 0.0421875 0.10625
0 0.9859375 0.59296875 0.0234375 0.1203125
0 0.02578125 0.59453125 0.028125 0.10625
0 0.72421875 0.06015625 0.0328125 0.075
0 0.365625 0.6015625 0.0375 0.0890625
0 0.44453125 0.62265625 0.028125 0.09375
0 0.4421875 0.06484375 0.0234375 0.075
0 0.2640625 0.62734375 0.0328125 0.0828125
0 0.73828125 0.6296875 0.0328125 0.096875
0 0.91875 0.63203125 0.0421875 0.10625
0 0.66640625 0.6390625 0.028125 0.10625
0 0.52578125 0.64140625 0.0359375 0.10625
0 0.5671875 0.64140625 0.0359375 0.1015625
0 0.6015625 0.06484375 0.028125 0.059375
0 0.2453125 0.65078125 0.0375 0.096875
0 0.196875 0.65078125 0.028125 0.0828125
0 0.33359375 0.65078125 0.03125 0.1015625
0 0.6484375 0.65546875 0.0328125 0.10625
0 0.83125 0.65703125 0.0421875 0.10625
0 0.47890625 0.66171875 0.0375 0.096875
0 0.6921875 0.6640625 0.028125 0.1015625
0 0.42109375 0.66640625 0.0328125 0.1015625
0 0.93984375 0.0671875 0.0375 0.096875
0 0.29140625 0.6828125 0.03125 0.096875
0 0.38671875 0.7015625 0.0421875 0.10625
0 0.14375 0.70390625 0.0421875 0.096875
0 0.0140625 0.70625 0.028125 0.10625
0 0.43046875 0.71328125 0.028125 0.0890625
0 0.18515625 0.71796875 0.0421875 0.1109375
0 0.2265625 0.721875 0.0421875 0.10625
0 0.278125 0.72421875 0.0421875 0.10625
0 0.5625 0.071875 0.028125 0.09375
0 0.3703125 0.07421875 0.0234375 0.0703125
0 0.90078125 0.73125 0.046875 0.125
0 0.06015625 0.740625 0.046875 0.075
0 0.85625 0.07421875 0.0421875 0.084375
0 0.32890625 0.75234375 0.0375 0.096875
0 0.98125 0.7546875 0.028125 0.1203125
0 0.02578125 0.759375 0.0375 0.0890625
0 0.71953125 0.7734375 0.0421875 0.10625
0 0.78046875 0.78671875 0.0359375 0.1109375
0 0.32421875 0.08125 0.0328125 0.09375
0 0.10390625 0.803125 0.0421875 0.10625
0 0.12734375 0.81484375 0.0328125 0.096875
0 0.16171875 0.8171875 0.040625 0.10625
0 0.5140625 0.08359375 0.028125 0.0796875
0 0.0140625 0.8359375 0.028125 0.115625
0 0.05546875 0.83828125 0.0375 0.1109375
0 0.678125 0.85390625 0.0421875 0.10625
0 0.84921875 0.86328125 0.028125 0.09375
0 0.37265625 0.865625 0.0375 0.115625
0 0.2546875 0.8703125 0.0328125 0.10625
0 0.62734375 0.88203125 0.0359375 0.09375
0 0.471875 0.89375 0.0375 0.1109375
0 0.50703125 0.90078125 0.0375 0.10625
0 0.215625 0.903125 0.0328125 0.096875
0 0.3171875 0.90703125 0.0375 0.0890625
0 0.75 0.90703125 0.0421875 0.09375
0 0.81484375 0.928125 0.0421875 0.10625
0 0.55078125 0.946875 0.028125 0.0796875
0 0.9609375 0.9515625 0.0421875 0.09375
0 0.89140625 0.9609375 0.0421875 0.075
0 0.59296875 0.96328125 0.03125 0.065625
0 0.66640625 0.965625 0.0421875 0.065625
0 0.74765625 0.97421875 0.0421875 0.0421875
0 0.115625 0.11328125 0.0375 0.09375
0 0.79609375 0.12265625 0.03125 0.0515625
0 0.0234375 0.1296875 0.0328125 0.1015625
0 0.06484375 0.1390625 0.028125 0.0921875
0 0.68984375 0.1390625 0.0421875 0.0921875
0 0.2453125 0.1390625 0.0421875 0.096875
0 0.59921875 0.14140625 0.0359375 0.0921875
0 0.403125 0.14375 0.03125 0.075
0 0.196875 0.1484375 0.0375 0.10625
0 0.29140625 0.15078125 0.0375 0.096875
0 0.15078125 0.153125 0.040625 0.10625
0 0.35390625 0.153125 0.03125 0.1015625
0 0.4765625 0.16171875 0.0328125 0.09375
0 0.65703125 0.16875 0.0359375 0.10625
0 0.14375 0.01875 0.028125 0.0375
0 0.71796875 0.1828125 0.0421875 0.10625
0 0.83828125 0.18515625 0.0421875 0.10625
0 0.27578125 0.18515625 0.03125 0.084375
0 0.53203125 0.18984375 0.0359375 0.1015625
0 0.57890625 0.1921875 0.028125 0.075
0 0.4515625 0.2109375 0.028125 0.05625
0 0.80078125 0.21328125 0.0328125 0.096875
0 0.4953125 0.215625 0.028125 0.0703125
0 0.965625 0.221875 0.0375 0.115625
0 0.2640625 0.02578125 0.028125 0.0515625
0 0.25 0.2359375 0.0328125 0.0796875
0 0.1015625 0.2359375 0.0421875 0.09375
0 0.39609375 0.24296875 0.0375 0.0875
0 0.16640625 0.2453125 0.040625 0.084375