0 0.11328125 0.21796875 0.0515625 0.065625
0 0.13671875 0.23125 0.065625 0.0375
0 0.24765625 0.23828125 0.05625 0.0609375
0 0.4765625 0.23828125 0.065625 0.084375
0 0.534375 0.25 0.059375 0.09375
0 0.86328125 0.25703125 0.1015625 0.1671875
0 0.4375 0.26171875 0.0375 0.0515625
0 0.40078125 0.26640625 0.01875 0.0140625
0 0.56484375 0.27109375 0.0359375 0.0515625
0 0.31953125 0.278125 0.075 0.096875
0 0.37265625 0.28046875 0.03125 0.0375
0 0.93984375 0.28671875 0.0375 0.046875
0 0.159375 0.2984375 0.06875 0.1109375
0 0.65703125 0.2984375 0.0515625 0.096875
0 0.61328125 0.30078125 0.05625 0.084375
0 0.76640625 0.30078125 0.10625 0.1671875
0 0.58359375 0.3171875 0.0421875 0.078125
0 0.971875 0.31953125 0.046875 0.1015625
0 0.40546875 0.3515625 0.0796875 0.115625
0 0.91640625 0.36328125 0.0609375 0.1109375
0 0.28671875 0.3703125 0.115625 0.171875
0 0.08359375 0.37265625 0.1671875 0.3296875
0 0.52578125 0.3984375 0.115625 0.18125