0 0.93046875 0.40703125 0.0046875 0.0046875
0 0.95390625 0.40703125 0.0046875 0.0046875
0 0.9765625 0.409375 0.0046875 0.009375
0 0.98359375 0.409375 0.0046875 0.009375
0 0.93515625 0.409375 0.0046875 0.009375
0 0.96953125 0.409375 0.0046875 0.009375
0 0.990625 0.409375 0.0046875 0.009375
0 0.9609375 0.41171875 0.0046875 0.0046875
0 0.94453125 0.4140625 0.0046875 0.009375
0 0.97421875 0.428125 0.0046875 0.009375
0 0.9859375 0.428125 0.009375 0.009375
0 0.965625 0.43046875 0.009375 0.0140625
0 0.99296875 0.44453125 0.0046875 0.01875
0 0.96328125 0.46328125 0.0140625 0.01875
0 0.10625 0.465625 0.01875 0.0328125
0 0.9765625 0.465625 0.009375 0.01875
0 0.159375 0.46796875 0.01875 0.01875
0 0.3609375 0.47421875 0.028125 0.0375
0 0.46328125 0.47890625 0.0140625 0.0234375
0 0.95390625 0.48125 0.01875 0.01875
0 0.634375 0.48125 0.0234375 0.028125
0 0.990625 0.48359375 0.009375 0.0328125
0 0.134375 0.4859375 0.01875 0.0234375
0 0.60859375 0.4859375 0.0234375 0.028125
0 0.7890625 0.490625 0.0375 0.0359375
0 0.20390625 0.490625 0.028125 0.0328125
0 0.64609375 0.49296875 0.0140625 0.01875
0 0.715625 0.4953125 0.028125 0.0375
0 0.9515625 0.5 0.028125 0.028125
0 0.490625 0.5 0.0328125 0.0421875
0 0.6875 0.5 0.0375 0.0515625
0 0.16640625 0.50234375 0.0234375 0.0328125
0 0.84453125 0.5046875 0.0375 0.046875
0 0.87734375 0.50703125 0.0375 0.028125
0 0.32421875 0.5140625 0.01875 0.028125
0 0.8125 0.5140625 0.028125 0.0421875
0 0.1484375 0.51875 0.0328125 0.0421875
0 0.93984375 0.52109375 0.0234375 0.0234375
0 0.6484375 0.52109375 0.0328125 0.0328125
0 0.30546875 0.5234375 0.028125 0.0375
0 0.73125 0.52578125 0.03125 0.0515625
0 0.28203125 0.528125 0.01875 0.028125
0 0.24296875 0.53203125 0.046875 0.075
0 0.78671875 0.534375 0.046875 0.065625
0 0.45859375 0.53671875 0.05625 0.084375
0 0.87734375 0.5484375 0.0375 0.05625
0 0.553125 0.5484375 0.0359375 0.065625
0 0.59921875 0.5484375 0.0359375 0.065625
0 0.9765625 0.55546875 0.046875 0.09375
0 0.64375 0.5625 0.0421875 0.05625
0 0.01171875 0.5671875 0.0234375 0.065625
0 0.28046875 0.5671875 0.0375 0.0515625
0 0.09921875 0.5671875 0.0421875 0.065625
0 0.38203125 0.5671875 0.05625 0.0890625
0 0.92578125 0.571875 0.0515625 0.075
0 0.05078125 0.58125 0.05625 0.075
0 0.8515625 0.5859375 0.0609375 0.09375
0 0.721875 0.59921875 0.0546875 0.075
0 0.034375 0.70390625 0.06875 0.1390625
0 0.47421875 0.73828125 0.10625 0.1390625