0 0.5140625 0.14375 0.046875 0.0875
0 0.37265625 0.16640625 0.0609375 0.1015625
0 0.73828125 0.178125 0.075 0.09375
0 0.875 0.1828125 0.075 0.115625
0 0.61328125 0.1828125 0.065625 0.115625
0 0.034375 0.20859375 0.06875 0.1109375
0 0.1828125 0.21328125 0.05625 0.10625
0 0.0859375 0.028125 0.0515625 0.05625
0 0.946875 0.028125 0.0609375 0.05625
0 0.7640625 0.03046875 0.0515625 0.0609375
0 0.2640625 0.03046875 0.0515625 0.0609375
0 0.45390625 0.32421875 0.0609375 0.096875
0 0.92578125 0.32890625 0.0703125 0.125
0 0.79609375 0.3515625 0.0703125 0.1203125
0 0.259375 0.3515625 0.0703125 0.096875
0 0.02109375 0.39609375 0.0421875 0.1109375
0 0.3703125 0.4234375 0.075 0.096875
0 0.534375 0.04609375 0.059375 0.0890625
0 0.1203125 0.46328125 0.0703125 0.09375
0 0.509375 0.46953125 0.0515625 0.10625
0 0.6390625 0.47890625 0.0703125 0.125
0 0.66640625 0.05078125 0.065625 0.0890625
0 0.2109375 0.528125 0.0796875 0.10625
0 0.04375 0.596875 0.0609375 0.125
0 0.45859375 0.59921875 0.0890625 0.1203125
0 0.97421875 0.62265625 0.0515625 0.1296875
0 0.634375 0.64609375 0.065625 0.1296875
0 0.83125 0.778125 0.065625 0.125
0 0.346875 0.803125 0.075 0.125
0 0.0859375 0.81953125 0.0796875 0.1109375
0 0.56953125 0.85625 0.065625 0.1109375
0 0.70625 0.875 0.065625 0.115625
0 0.23828125 0.8984375 0.084375 0.125
0 0.846875 0.09921875 0.05625 0.1015625
0 0.98359375 0.1109375 0.0328125 0.1109375