0 0.71328125 0.12734375 0.0328125 0.06875
0 0.6109375 0.1484375 0.0328125 0.0609375
0 0.3171875 0.16171875 0.03125 0.05625
0 0.8125 0.1640625 0.0375 0.0796875
0 0.43515625 0.17578125 0.0375 0.0796875
0 0.34296875 0.178125 0.0234375 0.040625
0 0.5046875 0.18515625 0.0421875 0.09375
0 0.215625 0.18984375 0.040625 0.09375
0 0.6734375 0.2015625 0.0359375 0.0796875
0 0.72421875 0.215625 0.0421875 0.0796875
0 0.365625 0.21796875 0.03125 0.075
0 0.56953125 0.221875 0.0359375 0.0703125
0 0.625 0.23359375 0.0421875 0.09375
0 0.303125 0.2359375 0.0515625 0.0796875
0 0.465625 0.24296875 0.046875 0.0875
0 0.40546875 0.27109375 0.046875 0.084375
0 0.28671875 0.4375 0.040625 0.0890625
0 0.39140625 0.553125 0.046875 0.096875
0 0.49765625 0.5671875 0.046875 0.0890625
0 0.77109375 0.56953125 0.046875 0.0890625
0 0.59296875 0.57890625 0.046875 0.078125