0 0.74765625 0.26171875 0.0359375 0.065625
0 0.66171875 0.2890625 0.028125 0.0421875
0 0.1015625 0.30078125 0.0328125 0.0609375
0 0.71328125 0.30546875 0.0421875 0.0703125
0 0.4234375 0.3078125 0.0234375 0.028125
0 0.24765625 0.3078125 0.0234375 0.0375
0 0.14140625 0.31015625 0.0328125 0.028125
0 0.44921875 0.31015625 0.028125 0.0234375
0 0.32890625 0.3125 0.0234375 0.046875
0 0.571875 0.31484375 0.0359375 0.0515625
0 0.2984375 0.3171875 0.0234375 0.0515625
0 0.98125 0.31953125 0.0375 0.0703125
0 0.8171875 0.321875 0.0234375 0.0375
0 0.615625 0.32421875 0.028125 0.046875
0 0.2015625 0.3265625 0.028125 0.0546875
0 0.7890625 0.32890625 0.0328125 0.046875
0 0.83828125 0.33125 0.028125 0.0421875
0 0.465625 0.33359375 0.01875 0.046875
0 0.2265625 0.3359375 0.028125 0.0609375
0 0.41875 0.33828125 0.0234375 0.03125
0 0.8703125 0.340625 0.028125 0.0375
0 0.1484375 0.34296875 0.0234375 0.046875
0 0.27109375 0.34921875 0.040625 0.075
0 0.8078125 0.34921875 0.01875 0.028125
0 0.44453125 0.34921875 0.028125 0.0609375
0 0.39140625 0.3515625 0.0375 0.05625
0 0.4953125 0.3515625 0.028125 0.0515625
0 0.90078125 0.3515625 0.0328125 0.0515625
0 0.93046875 0.3515625 0.0328125 0.0375
0 0.01875 0.35859375 0.0375 0.0703125
0 0.23828125 0.35859375 0.0234375 0.0515625
0 0.18984375 0.35859375 0.0328125 0.0546875
0 0.3125 0.35859375 0.0328125 0.0546875
0 0.1203125 0.35859375 0.0421875 0.078125
0 0.365625 0.3609375 0.028125 0.0515625
0 0.6390625 0.3609375 0.0328125 0.078125
0 0.98359375 0.36328125 0.028125 0.046875
0 0.571875 0.365625 0.028125 0.046875
0 0.3359375 0.365625 0.0328125 0.0515625
0 0.715625 0.36796875 0.028125 0.0515625
0 0.1734375 0.36796875 0.0328125 0.065625
0 0.4140625 0.36796875 0.0234375 0.0515625
0 0.54140625 0.36796875 0.0359375 0.078125
0 0.615625 0.3796875 0.0328125 0.0515625
0 0.67109375 0.3796875 0.0359375 0.0703125
0 0.79140625 0.384375 0.028125 0.0609375
0 0.7015625 0.38671875 0.0359375 0.0703125
0 0.75234375 0.3890625 0.0421875 0.075
0 0.8515625 0.3890625 0.0375 0.075
0 0.5765625 0.39609375 0.0359375 0.0609375
0 0.93515625 0.3984375 0.0328125 0.065625
0 0.97890625 0.40078125 0.028125 0.075
0 0.82890625 0.403125 0.0421875 0.0890625
0 0.89140625 0.40546875 0.046875 0.0796875
0 0.95625 0.40546875 0.0375 0.065625
0 0.990625 0.43046875 0.01875 0.075
0 0.52109375 0.44453125 0.046875 0.0796875
0 0.9859375 0.55078125 0.028125 0.115625
0 0.7984375 0.653125 0.059375 0.1109375