0 0.35625 0.2109375 0.0046875 0.009375
0 0.15546875 0.2109375 0.0046875 0.0046875
0 0.134375 0.21328125 0.0046875 0.0046875
0 0.19921875 0.21328125 0.0046875 0.0046875
0 0.14609375 0.21328125 0.0046875 0.0046875
0 0.16171875 0.21328125 0.0046875 0.0046875
0 0.09453125 0.21328125 0.0046875 0.0046875
0 0.1015625 0.215625 0.0046875 0.0046875
0 0.11328125 0.215625 0.0046875 0.009375
0 0.2640625 0.215625 0.0046875 0.009375
0 0.3125 0.215625 0.009375 0.0046875
0 0.2984375 0.21796875 0.0046875 0.0046875
0 0.20625 0.21796875 0.0046875 0.0046875
0 0.25703125 0.21796875 0.0046875 0.0046875
0 0.10625 0.21953125 0.0046875 0.0046875
0 0.05546875 0.21953125 0.0046875 0.0046875
0 0.33125 0.21953125 0.0046875 0.0046875
0 0.115625 0.21953125 0.0046875 0.0046875
0 0.1203125 0.21953125 0.0046875 0.0046875
0 0.24765625 0.21953125 0.0046875 0.009375
0 0.26875 0.21953125 0.0046875 0.0046875
0 0.28671875 0.21953125 0.0046875 0.009375
0 0.01875 0.221875 0.009375 0.01875
0 0.22421875 0.221875 0.0046875 0.0046875
0 0.15078125 0.221875 0.0046875 0.009375
0 0.30078125 0.221875 0.009375 0.009375
0 0.365625 0.221875 0.009375 0.009375
0 0.10859375 0.221875 0.0046875 0.009375
0 0.18046875 0.221875 0.009375 0.009375
0 0.2015625 0.221875 0.0046875 0.009375
0 0.08828125 0.22421875 0.009375 0.0140625
0 0.23359375 0.22421875 0.009375 0.0140625
0 0.04609375 0.22421875 0.0046875 0.0046875
0 0.4859375 0.22421875 0.009375 0.0140625
0 0.28203125 0.2265625 0.0046875 0.009375
0 0.0046875 0.2265625 0.0046875 0.0046875
0 0.1390625 0.2265625 0.0046875 0.0140625
0 0.1921875 0.2265625 0.0046875 0.0140625
0 0.25703125 0.2265625 0.009375 0.009375
0 0.9421875 0.2265625 0.01875 0.01875
0 0.05078125 0.2265625 0.0046875 0.0046875
0 0.1734375 0.22890625 0.0046875 0.009375
0 0.13203125 0.22890625 0.0046875 0.009375
0 0.4765625 0.22890625 0.0140625 0.0140625
0 0.06953125 0.22890625 0.0046875 0.0046875
0 0.16171875 0.22890625 0.009375 0.0140625
0 0.32890625 0.22890625 0.009375 0.009375
0 0.65546875 0.22890625 0.009375 0.0140625
0 0.1015625 0.22890625 0.0046875 0.009375
0 0.21796875 0.22890625 0.0046875 0.0140625
0 0.22421875 0.22890625 0.009375 0.009375
0 0.053125 0.23125 0.009375 0.009375
0 0.2453125 0.23125 0.009375 0.009375
0 0.346875 0.23125 0.009375 0.009375
0 0.45859375 0.23125 0.009375 0.0140625
0 0.44453125 0.23359375 0.0140625 0.0140625
0 0.07421875 0.23359375 0.0046875 0.0046875
0 0.2015625 0.23359375 0.0046875 0.0140625
0 0.153125 0.23359375 0.0046875 0.0140625
0 0.534375 0.23359375 0.0140625 0.01875
0 0.35625 0.2359375 0.009375 0.0140625
0 0.0859375 0.2359375 0.009375 0.009375
0 0.490625 0.2359375 0.0140625 0.0140625
0 0.1828125 0.23828125 0.009375 0.0140625
0 0.3890625 0.23828125 0.009375 0.0140625
0 0.028125 0.23828125 0.009375 0.0140625
0 0.321875 0.23828125 0.009375 0.009375
0 0.034375 0.23828125 0.0046875 0.009375
0 0.4328125 0.23828125 0.0140625 0.0140625
0 0.8703125 0.240625 0.0140625 0.01875
0 0.56484375 0.240625 0.009375 0.0140625
0 0.12734375 0.240625 0.009375 0.009375
0 0.60390625 0.240625 0.0140625 0.0140625
0 0.659375 0.240625 0.0140625 0.01875
0 0.88671875 0.24296875 0.0140625 0.0140625
0 0.11796875 0.24296875 0.009375 0.0140625
0 0.41640625 0.24296875 0.009375 0.009375
0 0.6734375 0.24296875 0.01875 0.01875
0 0.10390625 0.24296875 0.0140625 0.0140625
0 0.21796875 0.24296875 0.009375 0.0140625
0 0.25234375 0.2453125 0.0046875 0.0046875
0 0.98359375 0.2453125 0.0140625 0.0234375
0 0.57890625 0.2453125 0.0140625 0.0140625
0 0.72421875 0.2453125 0.009375 0.0234375
0 0.20859375 0.2453125 0.0046875 0.0140625
0 0.2453125 0.2453125 0.0140625 0.0140625
0 0.38203125 0.2453125 0.009375 0.0140625
0 0.73359375 0.2453125 0.0140625 0.0234375
0 0.64609375 0.24765625 0.0140625 0.0234375
0 0.61796875 0.25 0.0140625 0.01875
0 0.06484375 0.25 0.009375 0.0140625
0 0.34921875 0.25 0.009375 0.0140625
0 0.40703125 0.25234375 0.009375 0.0140625
0 0.971875 0.25234375 0.01875 0.0234375
0 0.4234375 0.25234375 0.0140625 0.01875
0 0.25703125 0.2546875 0.0140625 0.0140625
0 0.6875 0.2546875 0.0140625 0.01875
0 0.17578125 0.2546875 0.0140625 0.01875
0 0.33359375 0.2546875 0.009375 0.0140625
0 0.39375 0.2546875 0.009375 0.0140625
0 0.44453125 0.2546875 0.009375 0.0140625
0 0.82890625 0.2546875 0.0140625 0.0140625
0 0.75703125 0.2546875 0.0140625 0.0234375
0 0.25 0.2546875 0.009375 0.01875
0 0.47421875 0.2546875 0.0140625 0.01875
0 0.5234375 0.2546875 0.01875 0.0234375
0 0.53671875 0.2546875 0.0140625 0.01875
0 0.20390625 0.25703125 0.009375 0.0140625
0 0.93515625 0.25703125 0.01875 0.03125
0 0.58125 0.25703125 0.0140625 0.01875
0 0.87734375 0.25703125 0.01875 0.0234375
0 0.28046875 0.25703125 0.009375 0.0140625
0 0.365625 0.25703125 0.0140625 0.0234375
0 0.6296875 0.25703125 0.0140625 0.0234375
0 0.31015625 0.259375 0.0140625 0.0140625
0 0.43515625 0.259375 0.0140625 0.01875
0 0.81484375 0.26171875 0.01875 0.0234375
0 0.92109375 0.26171875 0.0140625 0.0234375
0 0.2984375 0.26171875 0.0140625 0.0140625
0 0.21953125 0.26171875 0.009375 0.0140625
0 0.56953125 0.26171875 0.0140625 0.01875
0 0.0671875 0.26171875 0.009375 0.0140625
0 0.77578125 0.26171875 0.0140625 0.0234375
0 0.1640625 0.26171875 0.0140625 0.0234375
0 0.321875 0.2640625 0.0140625 0.01875
0 0.59921875 0.2640625 0.0140625 0.0234375
0 0.54140625 0.26640625 0.009375 0.0234375
0 0.13203125 0.26640625 0.01875 0.01875
0 0.56015625 0.26640625 0.0140625 0.01875
0 0.51171875 0.26640625 0.0140625 0.0234375
0 0.45390625 0.26640625 0.0140625 0.0140625
0 0.89140625 0.26640625 0.0140625 0.01875
0 0.27578125 0.26875 0.0140625 0.01875
0 0.00703125 0.26875 0.0140625 0.0234375
0 0.25 0.27109375 0.0140625 0.01875
0 0.40078125 0.27109375 0.01875 0.0234375
0 0.46796875 0.2734375 0.0140625 0.01875
0 0.82890625 0.2734375 0.0140625 0.0234375
0 0.90703125 0.27578125 0.01875 0.028125
0 0.10390625 0.27578125 0.01875 0.0234375
0 0.48828125 0.27578125 0.009375 0.01875
0 0.3265625 0.27578125 0.0140625 0.0140625
0 0.7890625 0.278125 0.0234375 0.0234375
0 0.34296875 0.278125 0.01875 0.0234375
0 0.23125 0.278125 0.01875 0.028125
0 0.303125 0.278125 0.009375 0.01875
0 0.07421875 0.28046875 0.0140625 0.0234375
0 0.625 0.28203125 0.0140625 0.01875
0 0.37265625 0.284375 0.0140625 0.0234375
0 0.47890625 0.284375 0.0140625 0.0234375
0 0.41171875 0.284375 0.0140625 0.0234375
0 0.32421875 0.284375 0.0140625 0.01875
0 0.553125 0.284375 0.01875 0.0234375
0 0.45390625 0.284375 0.01875 0.0234375
0 0.178125 0.28671875 0.01875 0.0234375
0 0.3171875 0.28671875 0.0140625 0.0140625
0 0.6734375 0.29140625 0.0140625 0.01875
0 0.3984375 0.29375 0.01875 0.0234375
0 0.70859375 0.29375 0.0140625 0.0234375
0 0.03671875 0.29609375 0.01875 0.0234375
0 0.534375 0.29609375 0.01875 0.0234375
0 0.64609375 0.29609375 0.01875 0.03125
0 0.31015625 0.2984375 0.01875 0.0234375
0 0.5 0.2984375 0.01875 0.0234375
0 0.2359375 0.30078125 0.0140625 0.0234375
0 0.3609375 0.30078125 0.01875 0.028125
0 0.13203125 0.303125 0.028125 0.0234375
0 0.1875 0.303125 0.01875 0.0234375
0 0.25234375 0.303125 0.0140625 0.01875
0 0.1015625 0.30546875 0.01875 0.028125
0 0.98125 0.30546875 0.01875 0.0234375
0 0.20625 0.31015625 0.01875 0.0234375
0 0.41171875 0.31015625 0.01875 0.0234375
0 0.590625 0.31015625 0.009375 0.01875
0 0.58125 0.31484375 0.0140625 0.0234375
0 0.2640625 0.31484375 0.01875 0.0234375
0 0.02109375 0.321875 0.0234375 0.03125
0 0.04375 0.3265625 0.01875 0.028125
0 0.11328125 0.33828125 0.01875 0.028125
0 0.1390625 0.33828125 0.01875 0.028125
0 0.19921875 0.34296875 0.0234375 0.0234375
0 0.09453125 0.346875 0.0234375 0.028125
0 0.01171875 0.34921875 0.01875 0.0375
0 0.96328125 0.3609375 0.01875 0.0375
0 0.10390625 0.375 0.0234375 0.028125
0 0.06484375 0.38203125 0.0234375 0.028125
0 0.009375 0.384375 0.01875 0.0375
0 0.9859375 0.38671875 0.01875 0.0515625
0 0.89140625 0.3890625 0.0328125 0.0515625
0 0.91640625 0.41171875 0.0421875 0.0546875
0 0.990625 0.4234375 0.009375 0.0328125
0 0.85625 0.4375 0.0515625 0.0515625
0 0.590625 0.45625 0.046875 0.0703125
0 0.45625 0.4609375 0.05625 0.075
0 0.16640625 0.465625 0.040625 0.0515625
0 0.84296875 0.46796875 0.0375 0.0515625
0 0.12265625 0.4765625 0.0375 0.0421875
0 0.784375 0.47890625 0.0421875 0.05625
0 0.9859375 0.4859375 0.028125 0.065625
0 0.54375 0.4953125 0.0421875 0.065625
0 0.403125 0.51875 0.0515625 0.0609375
0 0.23359375 0.52109375 0.028125 0.0359375
0 0.2109375 0.534375 0.028125 0.0359375
0 0.090625 0.54375 0.0375 0.0515625
0 0.13671875 0.54375 0.0421875 0.0421875
0 0.0484375 0.55078125 0.0609375 0.0421875
0 0.7640625 0.55078125 0.0515625 0.065625
0 0.278125 0.56015625 0.0609375 0.0828125
0 0.1875 0.60859375 0.0609375 0.0703125
0 0.3890625 0.60859375 0.0703125 0.0890625
0 0.04140625 0.625 0.0796875 0.1015625
0 0.8890625 0.67578125 0.096875 0.134375
0 0.82421875 0.81953125 0.134375 0.1390625