0 0.3125 0.10390625 0.01875 0.0234375
0 0.3609375 0.10625 0.01875 0.0234375
0 0.29609375 0.10859375 0.0234375 0.0234375
0 0.45390625 0.1109375 0.01875 0.028125
0 0.40546875 0.11328125 0.0234375 0.028125
0 0.259375 0.115625 0.0234375 0.0328125
0 0.21953125 0.11796875 0.01875 0.0234375
0 0.3359375 0.12265625 0.0234375 0.0328125
0 0.37265625 0.12265625 0.0234375 0.0234375
0 0.23359375 0.1390625 0.0140625 0.01875
0 0.21953125 0.14375 0.01875 0.0234375
0 0.31015625 0.14609375 0.01875 0.028125
0 0.4140625 0.153125 0.01875 0.0234375
0 0.44921875 0.153125 0.0234375 0.0375
0 0.51171875 0.159375 0.028125 0.028125
0 0.29140625 0.1640625 0.028125 0.0328125
0 0.428125 0.1640625 0.0234375 0.0234375
0 0.47421875 0.16640625 0.0234375 0.0375
0 0.2015625 0.17109375 0.01875 0.028125
0 0.6734375 0.17578125 0.0234375 0.0328125
0 0.56484375 0.17578125 0.028125 0.046875
0 0.60390625 0.17578125 0.01875 0.0328125
0 0.009375 0.178125 0.01875 0.040625
0 0.303125 0.178125 0.028125 0.0328125
0 0.846875 0.18046875 0.0328125 0.0453125
0 0.69453125 0.1828125 0.028125 0.0375
0 0.7984375 0.18515625 0.028125 0.0421875
0 0.49765625 0.18515625 0.0328125 0.0328125
0 0.4328125 0.1875 0.0234375 0.0375
0 0.528125 0.1875 0.0234375 0.0375
0 0.21328125 0.19453125 0.028125 0.0328125
0 0.18046875 0.19453125 0.0234375 0.0375
0 0.25703125 0.196875 0.0375 0.0515625
0 0.3515625 0.20390625 0.0234375 0.040625
0 0.096875 0.20859375 0.046875 0.046875
0 0.38203125 0.21328125 0.028125 0.0515625
0 0.05546875 0.215625 0.03125 0.0609375
0 0.19921875 0.23359375 0.0421875 0.0421875
0 0.509375 0.23359375 0.0421875 0.065625
0 0.24765625 0.2359375 0.0421875 0.046875
0 0.571875 0.25703125 0.046875 0.0703125
0 0.0765625 0.259375 0.0359375 0.046875
0 0.5 0.2984375 0.0375 0.0515625
0 0.4765625 0.31015625 0.046875 0.0640625
0 0.29375 0.3125 0.0515625 0.084375
0 0.42109375 0.3125 0.0609375 0.084375
0 0.7890625 0.3125 0.0796875 0.115625
0 0.6015625 0.31484375 0.065625 0.075
0 0.52578125 0.321875 0.0421875 0.0703125
0 0.340625 0.321875 0.0421875 0.0515625
0 0.8890625 0.3265625 0.096875 0.1296875
0 0.71953125 0.3265625 0.0515625 0.075
0 0.678125 0.3265625 0.0359375 0.0609375
0 0.01640625 0.34296875 0.0328125 0.0890625
0 0.39609375 0.35625 0.040625 0.0546875
0 0.5578125 0.35625 0.0421875 0.078125
0 0.36328125 0.3609375 0.05625 0.075
0 0.95859375 0.365625 0.0609375 0.0890625
0 0.04609375 0.36796875 0.065625 0.0890625
0 0.4609375 0.38671875 0.0609375 0.0890625
0 0.6734375 0.40078125 0.0421875 0.065625
0 0.53046875 0.40078125 0.0421875 0.0703125
0 0.159375 0.403125 0.06875 0.096875
0 0.60859375 0.409375 0.065625 0.096875
0 0.34453125 0.0671875 0.0140625 0.01875
0 0.3890625 0.06953125 0.01875 0.028125
0 0.2734375 0.06953125 0.0234375 0.028125
0 0.3171875 0.0765625 0.009375 0.0140625
0 0.24296875 0.08125 0.0140625 0.0234375
0 0.25 0.10390625 0.009375 0.01875