0 0.125 0.11328125 0.028125 0.028125
0 0.31015625 0.12734375 0.0234375 0.0328125
0 0.4609375 0.12734375 0.01875 0.028125
0 0.18984375 0.134375 0.0375 0.0375
0 0.25 0.14140625 0.0234375 0.01875
0 0.06484375 0.14140625 0.0328125 0.0515625
0 0.028125 0.1484375 0.0328125 0.046875
0 0.35390625 0.15078125 0.0375 0.046875
0 0.54375 0.15078125 0.0359375 0.0609375
0 0.6484375 0.153125 0.028125 0.0328125
0 0.40078125 0.15546875 0.0375 0.05625
0 0.60859375 0.15546875 0.03125 0.0375
0 0.509375 0.15546875 0.0328125 0.05625
0 0.159375 0.15703125 0.028125 0.05625
0 0.13203125 0.159375 0.0328125 0.0515625
0 0.803125 0.16171875 0.028125 0.040625
0 0.096875 0.1640625 0.0234375 0.0328125
0 0.446875 0.1640625 0.0234375 0.046875
0 0.76640625 0.16640625 0.0234375 0.028125
0 0.83125 0.16875 0.0234375 0.0375
0 0.26875 0.16875 0.0375 0.0453125
0 0.3125 0.17109375 0.0375 0.0375
0 0.85859375 0.17109375 0.0234375 0.0328125
0 0.73359375 0.17109375 0.0421875 0.0453125
0 0.215625 0.17109375 0.0375 0.0515625
0 0.65546875 0.1875 0.0421875 0.0421875
0 0.69453125 0.18984375 0.0421875 0.05625
0 0.97421875 0.1921875 0.0421875 0.0640625
0 0.5859375 0.19453125 0.0375 0.0609375
0 0.42109375 0.19921875 0.0421875 0.065625
0 0.90078125 0.2015625 0.0375 0.05625
0 0.803125 0.2109375 0.0328125 0.075
0 0.778125 0.21328125 0.0421875 0.05625
0 0.08125 0.21328125 0.0609375 0.0828125
0 0.34296875 0.221875 0.0515625 0.05625
0 0.16875 0.23125 0.0453125 0.0609375
0 0.21953125 0.2359375 0.040625 0.046875
0 0.7453125 0.24765625 0.0515625 0.0703125
0 0.8609375 0.25 0.0515625 0.0515625
0 0.93984375 0.25234375 0.05625 0.075
0 0.65078125 0.25234375 0.059375 0.0796875
0 0.44921875 0.284375 0.065625 0.084375
0 0.39140625 0.30078125 0.046875 0.075
0 0.2359375 0.303125 0.0609375 0.0703125
0 0.33828125 0.30546875 0.0609375 0.078125
0 0.67109375 0.36796875 0.0703125 0.0890625
0 0.58359375 0.37734375 0.0703125 0.0796875
0 0.90078125 0.3796875 0.065625 0.09375
0 0.76875 0.3984375 0.0703125 0.09375
0 0.47421875 0.403125 0.075 0.0890625
0 0.259375 0.4375 0.05625 0.115625
0 0.3125 0.43984375 0.084375 0.1296875
0 0.784375 0.47890625 0.0828125 0.115625
0 0.48828125 0.53671875 0.10625 0.1390625
0 0.840625 0.58125 0.096875 0.10625
0 0.17578125 0.60390625 0.1015625 0.1390625
0 0.8703125 0.7109375 0.10625 0.153125
0 0.25 0.71953125 0.134375 0.1671875
0 0.9671875 0.72109375 0.065625 0.1578125
0 0.05546875 0.81015625 0.1109375 0.190625