0 0.3171875 0.14375 0.0609375 0.0921875
0 0.696875 0.159375 0.0703125 0.1015625
0 0.80078125 0.19453125 0.065625 0.10625
0 0.0484375 0.19921875 0.0703125 0.115625
0 0.13203125 0.20859375 0.0921875 0.115625
0 0.865625 0.215625 0.0890625 0.1484375
0 0.2890625 0.22421875 0.065625 0.1015625
0 0.36796875 0.02578125 0.0421875 0.0515625
0 0.4859375 0.2640625 0.0703125 0.1296875
0 0.59296875 0.27578125 0.078125 0.1390625
0 0.40703125 0.278125 0.0609375 0.1296875
0 0.471875 0.028125 0.0421875 0.0421875
0 0.7265625 0.3078125 0.0796875 0.1296875
0 0.7421875 0.034375 0.05 0.06875
0 0.18046875 0.33359375 0.075 0.1296875
0 0.63203125 0.03671875 0.078125 0.0703125
0 0.0765625 0.3890625 0.0828125 0.096875
0 0.33125 0.3984375 0.1015625 0.1296875
0 0.24453125 0.04375 0.0546875 0.0875
0 0.78671875 0.04375 0.0359375 0.075
0 0.74765625 0.45859375 0.096875 0.14375
0 0.29609375 0.51171875 0.084375 0.1484375
0 0.21796875 0.053125 0.0515625 0.075
0 0.10625 0.52578125 0.09375 0.1203125
0 0.43984375 0.5765625 0.09375 0.14375
0 0.875 0.06015625 0.065625 0.10625
0 0.653125 0.64609375 0.0828125 0.1296875
0 0.03046875 0.65703125 0.0609375 0.1296875
0 0.0859375 0.76171875 0.09375 0.1625
0 0.3890625 0.77109375 0.125 0.2046875
0 0.69921875 0.784375 0.10625 0.1765625
0 0.159375 0.8171875 0.10625 0.1765625
0 0.48828125 0.08359375 0.0375 0.0828125
0 0.29609375 0.090625 0.0546875 0.065625
0 0.06015625 0.09296875 0.0609375 0.0890625
0 0.965625 0.09453125 0.0609375 0.134375
0 0.37265625 0.11328125 0.0546875 0.0796875
0 0.56015625 0.11796875 0.075 0.115625