0 0.8609375 0.14375 0.084375 0.134375
0 0.60390625 0.153125 0.065625 0.075
0 0.70859375 0.16875 0.0421875 0.06875
0 0.45390625 0.1828125 0.0515625 0.075
0 0.02578125 0.2015625 0.0515625 0.0796875
0 0.38203125 0.22890625 0.028125 0.0421875
0 0.17109375 0.23828125 0.0453125 0.075
0 0.2984375 0.25234375 0.03125 0.0515625
0 0.28046875 0.25703125 0.01875 0.03125
0 0.37734375 0.25703125 0.03125 0.0515625
0 0.33828125 0.25703125 0.0375 0.065625
0 0.26640625 0.27109375 0.0234375 0.0515625
0 0.21796875 0.2734375 0.046875 0.065625
0 0.15546875 0.31015625 0.0796875 0.1015625
0 0.96328125 0.0671875 0.065625 0.134375