0 0.8171875 0.10390625 0.01875 0.0328125
0 0.20390625 0.10390625 0.0140625 0.01875
0 0.73359375 0.10625 0.0140625 0.0234375
0 0.965625 0.10625 0.0234375 0.0328125
0 0.65078125 0.10625 0.01875 0.0375
0 0.6734375 0.10859375 0.01875 0.028125
0 0.40703125 0.10859375 0.0140625 0.028125
0 0.115625 0.1109375 0.0234375 0.0375
0 0.52109375 0.1109375 0.0234375 0.0234375
0 0.840625 0.1109375 0.0140625 0.0234375
0 0.53203125 0.11328125 0.01875 0.028125
0 0.15546875 0.11328125 0.0234375 0.028125
0 0.3609375 0.11328125 0.01875 0.028125
0 0.57890625 0.11328125 0.0234375 0.0328125
0 0.88203125 0.115625 0.0234375 0.0234375
0 0.60859375 0.115625 0.028125 0.0328125
0 0.990625 0.115625 0.01875 0.0328125
0 0.634375 0.115625 0.01875 0.0234375
0 0.49765625 0.115625 0.0234375 0.0375
0 0.721875 0.115625 0.0234375 0.0328125
0 0.196875 0.115625 0.01875 0.0234375
0 0.02578125 0.1203125 0.01875 0.028125
0 0.446875 0.1203125 0.01875 0.028125
0 0.40078125 0.1203125 0.01875 0.028125
0 0.5484375 0.125 0.0140625 0.01875
0 0.12734375 0.125 0.0234375 0.0328125
0 0.2734375 0.125 0.01875 0.0328125
0 0.2359375 0.1296875 0.0234375 0.028125
0 0.7734375 0.1296875 0.01875 0.028125
0 0.1015625 0.1296875 0.0234375 0.0421875
0 0.68046875 0.13203125 0.0234375 0.0328125
0 0.1484375 0.13203125 0.0234375 0.0328125
0 0.80078125 0.134375 0.0234375 0.028125
0 0.9234375 0.134375 0.01875 0.028125
0 0.31484375 0.134375 0.01875 0.028125
0 0.34921875 0.13671875 0.0140625 0.028125
0 0.04609375 0.13671875 0.01875 0.028125
0 0.365625 0.13671875 0.01875 0.01875
0 0.0578125 0.1390625 0.0234375 0.028125
0 0.840625 0.1390625 0.0234375 0.028125
0 0.16640625 0.1390625 0.01875 0.0328125
0 0.20859375 0.1390625 0.01875 0.028125
0 0.5671875 0.14140625 0.01875 0.0328125
0 0.8890625 0.14609375 0.01875 0.0328125
0 0.46796875 0.1484375 0.0140625 0.028125
0 0.75234375 0.15078125 0.0234375 0.0328125
0 0.01171875 0.1640625 0.01875 0.0328125
0 0.7984375 0.178125 0.0234375 0.028125
0 0.73828125 0.1875 0.0234375 0.0328125
0 0.41640625 0.2015625 0.0234375 0.028125
0 0.465625 0.20390625 0.0234375 0.028125
0 0.8265625 0.20390625 0.0234375 0.0328125
0 0.85859375 0.20859375 0.0234375 0.028125
0 0.3796875 0.221875 0.0234375 0.0375
0 0.41640625 0.22421875 0.0234375 0.028125
0 0.87265625 0.22421875 0.028125 0.0328125
0 0.33359375 0.2265625 0.01875 0.028125
0 0.98359375 0.22890625 0.0234375 0.0328125
0 0.125 0.22890625 0.01875 0.028125
0 0.52109375 0.22890625 0.01875 0.0421875
0 0.75 0.02578125 0.0234375 0.0234375
0 0.95625 0.24296875 0.028125 0.0328125
0 0.10625 0.24765625 0.0234375 0.0234375
0 0.465625 0.25 0.0234375 0.0328125
0 0.284375 0.25 0.01875 0.028125
0 0.58125 0.25234375 0.0234375 0.0375
0 0.64140625 0.25703125 0.0234375 0.03125
0 0.43984375 0.25703125 0.0140625 0.0140625
0 0.40078125 0.259375 0.0234375 0.0234375
0 0.4328125 0.26171875 0.0140625 0.028125
0 0.1640625 0.2640625 0.009375 0.0140625
0 0.26171875 0.26640625 0.0234375 0.03125
0 0.14140625 0.27109375 0.01875 0.0234375
0 0.18984375 0.2734375 0.01875 0.0234375
0 0.32890625 0.2734375 0.0234375 0.028125
0 0.10390625 0.278125 0.0234375 0.03125
0 0.16640625 0.28046875 0.0140625 0.0234375
0 0.240625 0.284375 0.01875 0.0375
0 0.0390625 0.28671875 0.028125 0.03125
0 0.08828125 0.29609375 0.028125 0.0421875
0 0.79609375 0.03203125 0.009375 0.01875
0 0.10390625 0.35390625 0.0421875 0.0515625
0 0.1484375 0.403125 0.0375 0.0375
0 0.04375 0.40546875 0.0375 0.046875
0 0.11796875 0.41640625 0.0328125 0.028125
0 0.5 0.428125 0.0375 0.0515625
0 0.15078125 0.43046875 0.0375 0.046875
0 0.42578125 0.4328125 0.0421875 0.0375
0 0.90078125 0.4328125 0.0140625 0.0421875
0 0.34453125 0.43984375 0.046875 0.065625
0 0.69453125 0.43984375 0.0359375 0.05625
0 0.115625 0.4421875 0.0375 0.028125
0 0.784375 0.446875 0.0359375 0.05625
0 0.215625 0.45625 0.0328125 0.046875
0 0.6109375 0.45625 0.0359375 0.0421875
0 0.31484375 0.465625 0.0375 0.05625
0 0.10625 0.46796875 0.028125 0.046875
0 0.721875 0.46796875 0.028125 0.0375
0 0.53671875 0.46953125 0.0328125 0.046875
0 0.4328125 0.471875 0.046875 0.046875
0 0.94453125 0.47421875 0.0375 0.046875
0 0.409375 0.47890625 0.0234375 0.046875
0 0.20625 0.47890625 0.028125 0.0328125
0 0.57890625 0.48359375 0.01875 0.028125
0 0.14140625 0.4859375 0.0421875 0.0515625
0 0.84921875 0.490625 0.0421875 0.05625
0 0.61328125 0.50234375 0.0234375 0.0421875
0 0.87734375 0.50234375 0.0421875 0.05625
0 0.64375 0.51640625 0.03125 0.0546875
0 0.56484375 0.51875 0.028125 0.046875
0 0.9375 0.52578125 0.0328125 0.046875
0 0.91875 0.528125 0.0328125 0.0359375
0 0.759375 0.53046875 0.0421875 0.059375
0 0.47890625 0.5390625 0.0421875 0.05625
0 0.9859375 0.57421875 0.01875 0.046875
0 0.278125 0.06484375 0.01875 0.0234375
0 0.76875 0.06953125 0.01875 0.0234375
0 0.4421875 0.08125 0.01875 0.028125
0 0.8125 0.009375 0.0140625 0.01875
0 0.3265625 0.08359375 0.0234375 0.028125
0 0.33828125 0.08828125 0.0140625 0.028125
0 0.240625 0.090625 0.01875 0.0234375
0 0.05546875 0.09296875 0.028125 0.03125
0 0.2734375 0.09296875 0.0140625 0.0234375
0 0.76875 0.009375 0.0140625 0.01875
0 0.928125 0.09296875 0.0140625 0.0140625
0 0.77578125 0.09453125 0.01875 0.0328125
0 0.2890625 0.09453125 0.0140625 0.028125
0 0.75234375 0.09921875 0.01875 0.0234375
0 0.6203125 0.09921875 0.0234375 0.0328125
0 0.9421875 0.1015625 0.01875 0.0234375
0 0.00703125 0.1015625 0.0140625 0.0234375
0 0.4234375 0.10390625 0.0140625 0.0328125